filename,session_id,proto,stream,group_key,task1,task2,task3
Thursday-22-02-2018_447.pcap,tcp_366,tcp,366,Brute-Force,Malware,Web-Attack,Brute-Force
Friday-23-02-2018_446.pcap,tcp_293,tcp,293,Brute-Force,Malware,Web-Attack,Brute-Force
Friday-23-02-2018_446.pcap,tcp_415,tcp,415,Brute-Force,Malware,Web-Attack,Brute-Force
Thursday-22-02-2018_447.pcap,tcp_374,tcp,374,Brute-Force,Malware,Web-Attack,Brute-Force
Thursday-22-02-2018_447.pcap,tcp_425,tcp,425,Brute-Force,Malware,Web-Attack,Brute-Force
Friday-23-02-2018_446.pcap,tcp_370,tcp,370,Brute-Force,Malware,Web-Attack,Brute-Force
Thursday-22-02-2018_447.pcap,tcp_342,tcp,342,Brute-Force,Malware,Web-Attack,Brute-Force
Thursday-22-02-2018_447.pcap,tcp_288,tcp,288,Brute-Force,Malware,Web-Attack,Brute-Force
Friday-23-02-2018_446.pcap,tcp_251,tcp,251,Brute-Force,Malware,Web-Attack,Brute-Force
Friday-23-02-2018_446.pcap,tcp_356,tcp,356,Brute-Force,Malware,Web-Attack,Brute-Force
Thursday-22-02-2018_447.pcap,tcp_284,tcp,284,Brute-Force,Malware,Web-Attack,Brute-Force
Friday-23-02-2018_446.pcap,tcp_333,tcp,333,Brute-Force,Malware,Web-Attack,Brute-Force
Thursday-22-02-2018_447.pcap,tcp_290,tcp,290,Brute-Force,Malware,Web-Attack,Brute-Force
Friday-23-02-2018_446.pcap,tcp_289,tcp,289,Brute-Force,Malware,Web-Attack,Brute-Force
Thursday-22-02-2018_447.pcap,tcp_283,tcp,283,Brute-Force,Malware,Web-Attack,Brute-Force
Thursday-22-02-2018_447.pcap,tcp_356,tcp,356,Brute-Force,Malware,Web-Attack,Brute-Force
Thursday-22-02-2018_447.pcap,tcp_384,tcp,384,Brute-Force,Malware,Web-Attack,Brute-Force
Thursday-22-02-2018_447.pcap,tcp_381,tcp,381,Brute-Force,Malware,Web-Attack,Brute-Force
Friday-23-02-2018_446.pcap,tcp_304,tcp,304,Brute-Force,Malware,Web-Attack,Brute-Force
Friday-23-02-2018_446.pcap,tcp_340,tcp,340,Brute-Force,Malware,Web-Attack,Brute-Force
Thursday-22-02-2018_447.pcap,tcp_490,tcp,490,Brute-Force,Malware,Web-Attack,Brute-Force
Thursday-22-02-2018_447.pcap,tcp_531,tcp,531,Brute-Force,Malware,Web-Attack,Brute-Force
Friday-23-02-2018_446.pcap,tcp_405,tcp,405,Brute-Force,Malware,Web-Attack,Brute-Force
Friday-23-02-2018_446.pcap,tcp_444,tcp,444,Brute-Force,Malware,Web-Attack,Brute-Force
Friday-23-02-2018_446.pcap,tcp_272,tcp,272,Brute-Force,Malware,Web-Attack,Brute-Force
Thursday-22-02-2018_447.pcap,tcp_544,tcp,544,Brute-Force,Malware,Web-Attack,Brute-Force
Friday-23-02-2018_446.pcap,tcp_383,tcp,383,Brute-Force,Malware,Web-Attack,Brute-Force
Friday-23-02-2018_446.pcap,tcp_421,tcp,421,Brute-Force,Malware,Web-Attack,Brute-Force
Friday-23-02-2018_446.pcap,tcp_244,tcp,244,Brute-Force,Malware,Web-Attack,Brute-Force
Thursday-22-02-2018_447.pcap,tcp_393,tcp,393,Brute-Force,Malware,Web-Attack,Brute-Force
Friday-23-02-2018_446.pcap,tcp_404,tcp,404,Brute-Force,Malware,Web-Attack,Brute-Force
Thursday-22-02-2018_447.pcap,tcp_291,tcp,291,Brute-Force,Malware,Web-Attack,Brute-Force
Friday-23-02-2018_446.pcap,tcp_442,tcp,442,Brute-Force,Malware,Web-Attack,Brute-Force
Thursday-22-02-2018_447.pcap,tcp_352,tcp,352,Brute-Force,Malware,Web-Attack,Brute-Force
Thursday-22-02-2018_447.pcap,tcp_347,tcp,347,Brute-Force,Malware,Web-Attack,Brute-Force
Thursday-22-02-2018_447.pcap,tcp_302,tcp,302,Brute-Force,Malware,Web-Attack,Brute-Force
Friday-23-02-2018_446.pcap,tcp_429,tcp,429,Brute-Force,Malware,Web-Attack,Brute-Force
Thursday-22-02-2018_447.pcap,tcp_312,tcp,312,Brute-Force,Malware,Web-Attack,Brute-Force
Thursday-22-02-2018_447.pcap,tcp_332,tcp,332,Brute-Force,Malware,Web-Attack,Brute-Force
Friday-23-02-2018_446.pcap,tcp_324,tcp,324,Brute-Force,Malware,Web-Attack,Brute-Force
Thursday-22-02-2018_447.pcap,tcp_462,tcp,462,Brute-Force,Malware,Web-Attack,Brute-Force
Thursday-22-02-2018_447.pcap,tcp_405,tcp,405,Brute-Force,Malware,Web-Attack,Brute-Force
Thursday-22-02-2018_447.pcap,tcp_293,tcp,293,Brute-Force,Malware,Web-Attack,Brute-Force
Thursday-22-02-2018_447.pcap,tcp_367,tcp,367,Brute-Force,Malware,Web-Attack,Brute-Force
Thursday-22-02-2018_447.pcap,tcp_435,tcp,435,Brute-Force,Malware,Web-Attack,Brute-Force
Thursday-22-02-2018_447.pcap,tcp_561,tcp,561,Brute-Force,Malware,Web-Attack,Brute-Force
Thursday-22-02-2018_447.pcap,tcp_519,tcp,519,Brute-Force,Malware,Web-Attack,Brute-Force
Thursday-22-02-2018_447.pcap,tcp_274,tcp,274,Brute-Force,Malware,Web-Attack,Brute-Force
Thursday-22-02-2018_447.pcap,tcp_362,tcp,362,Brute-Force,Malware,Web-Attack,Brute-Force
Thursday-22-02-2018_447.pcap,tcp_550,tcp,550,Brute-Force,Malware,Web-Attack,Brute-Force
Thursday-22-02-2018_447.pcap,tcp_266,tcp,266,Brute-Force,Malware,Web-Attack,Brute-Force
Thursday-22-02-2018_447.pcap,tcp_297,tcp,297,Brute-Force,Malware,Web-Attack,Brute-Force
Friday-23-02-2018_446.pcap,tcp_228,tcp,228,Brute-Force,Malware,Web-Attack,Brute-Force
Thursday-22-02-2018_447.pcap,tcp_526,tcp,526,Brute-Force,Malware,Web-Attack,Brute-Force
Friday-23-02-2018_446.pcap,tcp_256,tcp,256,Brute-Force,Malware,Web-Attack,Brute-Force
Thursday-22-02-2018_447.pcap,tcp_481,tcp,481,Brute-Force,Malware,Web-Attack,Brute-Force
Thursday-22-02-2018_447.pcap,tcp_289,tcp,289,Brute-Force,Malware,Web-Attack,Brute-Force
Friday-23-02-2018_446.pcap,tcp_397,tcp,397,Brute-Force,Malware,Web-Attack,Brute-Force
Thursday-22-02-2018_447.pcap,tcp_562,tcp,562,Brute-Force,Malware,Web-Attack,Brute-Force
Thursday-22-02-2018_447.pcap,tcp_278,tcp,278,Brute-Force,Malware,Web-Attack,Brute-Force
Thursday-22-02-2018_447.pcap,tcp_452,tcp,452,Brute-Force,Malware,Web-Attack,Brute-Force
Friday-23-02-2018_446.pcap,tcp_235,tcp,235,Brute-Force,Malware,Web-Attack,Brute-Force
Friday-23-02-2018_446.pcap,tcp_374,tcp,374,Brute-Force,Malware,Web-Attack,Brute-Force
Friday-23-02-2018_446.pcap,tcp_448,tcp,448,Brute-Force,Malware,Web-Attack,Brute-Force
Thursday-22-02-2018_447.pcap,tcp_305,tcp,305,Brute-Force,Malware,Web-Attack,Brute-Force
Thursday-22-02-2018_447.pcap,tcp_411,tcp,411,Brute-Force,Malware,Web-Attack,Brute-Force
Friday-23-02-2018_446.pcap,tcp_366,tcp,366,Brute-Force,Malware,Web-Attack,Brute-Force
Friday-23-02-2018_446.pcap,tcp_300,tcp,300,Brute-Force,Malware,Web-Attack,Brute-Force
Thursday-22-02-2018_447.pcap,tcp_436,tcp,436,Brute-Force,Malware,Web-Attack,Brute-Force
Thursday-22-02-2018_447.pcap,tcp_321,tcp,321,Brute-Force,Malware,Web-Attack,Brute-Force
Thursday-22-02-2018_447.pcap,tcp_419,tcp,419,Brute-Force,Malware,Web-Attack,Brute-Force
Thursday-22-02-2018_447.pcap,tcp_440,tcp,440,Brute-Force,Malware,Web-Attack,Brute-Force
Thursday-22-02-2018_447.pcap,tcp_506,tcp,506,Brute-Force,Malware,Web-Attack,Brute-Force
Friday-23-02-2018_446.pcap,tcp_276,tcp,276,Brute-Force,Malware,Web-Attack,Brute-Force
Friday-23-02-2018_446.pcap,tcp_240,tcp,240,Brute-Force,Malware,Web-Attack,Brute-Force
Friday-23-02-2018_446.pcap,tcp_271,tcp,271,Brute-Force,Malware,Web-Attack,Brute-Force
Friday-23-02-2018_446.pcap,tcp_305,tcp,305,Brute-Force,Malware,Web-Attack,Brute-Force
Friday-23-02-2018_446.pcap,tcp_389,tcp,389,Brute-Force,Malware,Web-Attack,Brute-Force
Thursday-22-02-2018_447.pcap,tcp_457,tcp,457,Brute-Force,Malware,Web-Attack,Brute-Force
Thursday-22-02-2018_447.pcap,tcp_286,tcp,286,Brute-Force,Malware,Web-Attack,Brute-Force
Friday-23-02-2018_446.pcap,tcp_451,tcp,451,Brute-Force,Malware,Web-Attack,Brute-Force
Friday-23-02-2018_446.pcap,tcp_260,tcp,260,Brute-Force,Malware,Web-Attack,Brute-Force
Thursday-22-02-2018_447.pcap,tcp_453,tcp,453,Brute-Force,Malware,Web-Attack,Brute-Force
Friday-23-02-2018_446.pcap,tcp_320,tcp,320,Brute-Force,Malware,Web-Attack,Brute-Force
Friday-23-02-2018_446.pcap,tcp_282,tcp,282,Brute-Force,Malware,Web-Attack,Brute-Force
Friday-23-02-2018_446.pcap,tcp_403,tcp,403,Brute-Force,Malware,Web-Attack,Brute-Force
Thursday-22-02-2018_447.pcap,tcp_450,tcp,450,Brute-Force,Malware,Web-Attack,Brute-Force
Thursday-22-02-2018_447.pcap,tcp_319,tcp,319,Brute-Force,Malware,Web-Attack,Brute-Force
Friday-23-02-2018_446.pcap,tcp_410,tcp,410,Brute-Force,Malware,Web-Attack,Brute-Force
Thursday-22-02-2018_447.pcap,tcp_331,tcp,331,Brute-Force,Malware,Web-Attack,Brute-Force
Thursday-22-02-2018_447.pcap,tcp_463,tcp,463,Brute-Force,Malware,Web-Attack,Brute-Force
Thursday-22-02-2018_447.pcap,tcp_444,tcp,444,Brute-Force,Malware,Web-Attack,Brute-Force
Thursday-22-02-2018_447.pcap,tcp_473,tcp,473,Brute-Force,Malware,Web-Attack,Brute-Force
Thursday-22-02-2018_447.pcap,tcp_382,tcp,382,Brute-Force,Malware,Web-Attack,Brute-Force
Thursday-22-02-2018_447.pcap,tcp_383,tcp,383,Brute-Force,Malware,Web-Attack,Brute-Force
Friday-23-02-2018_446.pcap,tcp_266,tcp,266,Brute-Force,Malware,Web-Attack,Brute-Force
Thursday-22-02-2018_447.pcap,tcp_399,tcp,399,Brute-Force,Malware,Web-Attack,Brute-Force
Friday-23-02-2018_446.pcap,tcp_344,tcp,344,Brute-Force,Malware,Web-Attack,Brute-Force
Friday-23-02-2018_446.pcap,tcp_227,tcp,227,Brute-Force,Malware,Web-Attack,Brute-Force
Thursday-22-02-2018_447.pcap,tcp_443,tcp,443,Brute-Force,Malware,Web-Attack,Brute-Force
Friday-23-02-2018_446.pcap,tcp_286,tcp,286,Brute-Force,Malware,Web-Attack,Brute-Force
Friday-23-02-2018_446.pcap,tcp_428,tcp,428,Brute-Force,Malware,Web-Attack,Brute-Force
Friday-23-02-2018_446.pcap,tcp_311,tcp,311,Brute-Force,Malware,Web-Attack,Brute-Force
Friday-23-02-2018_446.pcap,tcp_230,tcp,230,Brute-Force,Malware,Web-Attack,Brute-Force
Thursday-22-02-2018_447.pcap,tcp_447,tcp,447,Brute-Force,Malware,Web-Attack,Brute-Force
Thursday-22-02-2018_447.pcap,tcp_540,tcp,540,Brute-Force,Malware,Web-Attack,Brute-Force
Thursday-22-02-2018_447.pcap,tcp_501,tcp,501,Brute-Force,Malware,Web-Attack,Brute-Force
Thursday-22-02-2018_447.pcap,tcp_380,tcp,380,Brute-Force,Malware,Web-Attack,Brute-Force
Thursday-22-02-2018_447.pcap,tcp_363,tcp,363,Brute-Force,Malware,Web-Attack,Brute-Force
Thursday-22-02-2018_447.pcap,tcp_335,tcp,335,Brute-Force,Malware,Web-Attack,Brute-Force
Friday-23-02-2018_446.pcap,tcp_239,tcp,239,Brute-Force,Malware,Web-Attack,Brute-Force
Thursday-22-02-2018_447.pcap,tcp_422,tcp,422,Brute-Force,Malware,Web-Attack,Brute-Force
Thursday-22-02-2018_447.pcap,tcp_509,tcp,509,Brute-Force,Malware,Web-Attack,Brute-Force
Friday-23-02-2018_446.pcap,tcp_335,tcp,335,Brute-Force,Malware,Web-Attack,Brute-Force
Friday-23-02-2018_446.pcap,tcp_302,tcp,302,Brute-Force,Malware,Web-Attack,Brute-Force
Thursday-22-02-2018_447.pcap,tcp_464,tcp,464,Brute-Force,Malware,Web-Attack,Brute-Force
Thursday-22-02-2018_447.pcap,tcp_489,tcp,489,Brute-Force,Malware,Web-Attack,Brute-Force
Thursday-22-02-2018_447.pcap,tcp_315,tcp,315,Brute-Force,Malware,Web-Attack,Brute-Force
Thursday-22-02-2018_447.pcap,tcp_487,tcp,487,Brute-Force,Malware,Web-Attack,Brute-Force
Friday-23-02-2018_446.pcap,tcp_418,tcp,418,Brute-Force,Malware,Web-Attack,Brute-Force
Thursday-22-02-2018_447.pcap,tcp_301,tcp,301,Brute-Force,Malware,Web-Attack,Brute-Force
Friday-23-02-2018_446.pcap,tcp_382,tcp,382,Brute-Force,Malware,Web-Attack,Brute-Force
Friday-23-02-2018_446.pcap,tcp_242,tcp,242,Brute-Force,Malware,Web-Attack,Brute-Force
Thursday-22-02-2018_447.pcap,tcp_488,tcp,488,Brute-Force,Malware,Web-Attack,Brute-Force
Friday-23-02-2018_446.pcap,tcp_452,tcp,452,Brute-Force,Malware,Web-Attack,Brute-Force
Friday-23-02-2018_446.pcap,tcp_419,tcp,419,Brute-Force,Malware,Web-Attack,Brute-Force
Thursday-22-02-2018_447.pcap,tcp_458,tcp,458,Brute-Force,Malware,Web-Attack,Brute-Force
Thursday-22-02-2018_447.pcap,tcp_539,tcp,539,Brute-Force,Malware,Web-Attack,Brute-Force
Thursday-22-02-2018_447.pcap,tcp_268,tcp,268,Brute-Force,Malware,Web-Attack,Brute-Force
Thursday-22-02-2018_447.pcap,tcp_482,tcp,482,Brute-Force,Malware,Web-Attack,Brute-Force
Friday-23-02-2018_446.pcap,tcp_399,tcp,399,Brute-Force,Malware,Web-Attack,Brute-Force
Friday-23-02-2018_446.pcap,tcp_264,tcp,264,Brute-Force,Malware,Web-Attack,Brute-Force
Thursday-22-02-2018_447.pcap,tcp_334,tcp,334,Brute-Force,Malware,Web-Attack,Brute-Force
Friday-23-02-2018_446.pcap,tcp_252,tcp,252,Brute-Force,Malware,Web-Attack,Brute-Force
Thursday-22-02-2018_447.pcap,tcp_295,tcp,295,Brute-Force,Malware,Web-Attack,Brute-Force
Thursday-22-02-2018_447.pcap,tcp_530,tcp,530,Brute-Force,Malware,Web-Attack,Brute-Force
Friday-23-02-2018_446.pcap,tcp_315,tcp,315,Brute-Force,Malware,Web-Attack,Brute-Force
Thursday-22-02-2018_447.pcap,tcp_267,tcp,267,Brute-Force,Malware,Web-Attack,Brute-Force
Thursday-22-02-2018_447.pcap,tcp_472,tcp,472,Brute-Force,Malware,Web-Attack,Brute-Force
Thursday-22-02-2018_447.pcap,tcp_548,tcp,548,Brute-Force,Malware,Web-Attack,Brute-Force
Friday-23-02-2018_446.pcap,tcp_338,tcp,338,Brute-Force,Malware,Web-Attack,Brute-Force
Friday-23-02-2018_446.pcap,tcp_376,tcp,376,Brute-Force,Malware,Web-Attack,Brute-Force
Friday-23-02-2018_446.pcap,tcp_317,tcp,317,Brute-Force,Malware,Web-Attack,Brute-Force
Thursday-22-02-2018_447.pcap,tcp_298,tcp,298,Brute-Force,Malware,Web-Attack,Brute-Force
Friday-23-02-2018_446.pcap,tcp_245,tcp,245,Brute-Force,Malware,Web-Attack,Brute-Force
Friday-23-02-2018_446.pcap,tcp_406,tcp,406,Brute-Force,Malware,Web-Attack,Brute-Force
Friday-23-02-2018_446.pcap,tcp_391,tcp,391,Brute-Force,Malware,Web-Attack,Brute-Force
Friday-23-02-2018_446.pcap,tcp_308,tcp,308,Brute-Force,Malware,Web-Attack,Brute-Force
Friday-23-02-2018_446.pcap,tcp_257,tcp,257,Brute-Force,Malware,Web-Attack,Brute-Force
Friday-23-02-2018_446.pcap,tcp_303,tcp,303,Brute-Force,Malware,Web-Attack,Brute-Force
Friday-23-02-2018_446.pcap,tcp_400,tcp,400,Brute-Force,Malware,Web-Attack,Brute-Force
Thursday-22-02-2018_447.pcap,tcp_554,tcp,554,Brute-Force,Malware,Web-Attack,Brute-Force
Friday-23-02-2018_446.pcap,tcp_329,tcp,329,Brute-Force,Malware,Web-Attack,Brute-Force
Thursday-22-02-2018_447.pcap,tcp_269,tcp,269,Brute-Force,Malware,Web-Attack,Brute-Force
Thursday-22-02-2018_447.pcap,tcp_535,tcp,535,Brute-Force,Malware,Web-Attack,Brute-Force
Friday-23-02-2018_446.pcap,tcp_375,tcp,375,Brute-Force,Malware,Web-Attack,Brute-Force
Friday-23-02-2018_446.pcap,tcp_439,tcp,439,Brute-Force,Malware,Web-Attack,Brute-Force
Friday-23-02-2018_446.pcap,tcp_337,tcp,337,Brute-Force,Malware,Web-Attack,Brute-Force
Thursday-22-02-2018_447.pcap,tcp_527,tcp,527,Brute-Force,Malware,Web-Attack,Brute-Force
Friday-23-02-2018_446.pcap,tcp_241,tcp,241,Brute-Force,Malware,Web-Attack,Brute-Force
Friday-23-02-2018_446.pcap,tcp_371,tcp,371,Brute-Force,Malware,Web-Attack,Brute-Force
Thursday-22-02-2018_447.pcap,tcp_364,tcp,364,Brute-Force,Malware,Web-Attack,Brute-Force
Friday-23-02-2018_446.pcap,tcp_319,tcp,319,Brute-Force,Malware,Web-Attack,Brute-Force
Thursday-22-02-2018_447.pcap,tcp_311,tcp,311,Brute-Force,Malware,Web-Attack,Brute-Force
Friday-23-02-2018_446.pcap,tcp_385,tcp,385,Brute-Force,Malware,Web-Attack,Brute-Force
Friday-23-02-2018_446.pcap,tcp_352,tcp,352,Brute-Force,Malware,Web-Attack,Brute-Force
Thursday-22-02-2018_447.pcap,tcp_353,tcp,353,Brute-Force,Malware,Web-Attack,Brute-Force
Friday-23-02-2018_446.pcap,tcp_411,tcp,411,Brute-Force,Malware,Web-Attack,Brute-Force
Thursday-22-02-2018_447.pcap,tcp_446,tcp,446,Brute-Force,Malware,Web-Attack,Brute-Force
Thursday-22-02-2018_447.pcap,tcp_505,tcp,505,Brute-Force,Malware,Web-Attack,Brute-Force
Thursday-22-02-2018_447.pcap,tcp_543,tcp,543,Brute-Force,Malware,Web-Attack,Brute-Force
Thursday-22-02-2018_447.pcap,tcp_273,tcp,273,Brute-Force,Malware,Web-Attack,Brute-Force
Friday-23-02-2018_446.pcap,tcp_441,tcp,441,Brute-Force,Malware,Web-Attack,Brute-Force
Thursday-22-02-2018_447.pcap,tcp_343,tcp,343,Brute-Force,Malware,Web-Attack,Brute-Force
Friday-23-02-2018_446.pcap,tcp_323,tcp,323,Brute-Force,Malware,Web-Attack,Brute-Force
Friday-23-02-2018_446.pcap,tcp_339,tcp,339,Brute-Force,Malware,Web-Attack,Brute-Force
Thursday-22-02-2018_447.pcap,tcp_513,tcp,513,Brute-Force,Malware,Web-Attack,Brute-Force
Friday-23-02-2018_446.pcap,tcp_265,tcp,265,Brute-Force,Malware,Web-Attack,Brute-Force
Friday-23-02-2018_446.pcap,tcp_307,tcp,307,Brute-Force,Malware,Web-Attack,Brute-Force
Thursday-22-02-2018_447.pcap,tcp_294,tcp,294,Brute-Force,Malware,Web-Attack,Brute-Force
Thursday-22-02-2018_447.pcap,tcp_409,tcp,409,Brute-Force,Malware,Web-Attack,Brute-Force
Friday-23-02-2018_446.pcap,tcp_285,tcp,285,Brute-Force,Malware,Web-Attack,Brute-Force
Friday-23-02-2018_446.pcap,tcp_440,tcp,440,Brute-Force,Malware,Web-Attack,Brute-Force
Friday-23-02-2018_446.pcap,tcp_259,tcp,259,Brute-Force,Malware,Web-Attack,Brute-Force
Friday-23-02-2018_446.pcap,tcp_334,tcp,334,Brute-Force,Malware,Web-Attack,Brute-Force
Thursday-22-02-2018_447.pcap,tcp_346,tcp,346,Brute-Force,Malware,Web-Attack,Brute-Force
Friday-23-02-2018_446.pcap,tcp_233,tcp,233,Brute-Force,Malware,Web-Attack,Brute-Force
Friday-23-02-2018_446.pcap,tcp_393,tcp,393,Brute-Force,Malware,Web-Attack,Brute-Force
Friday-23-02-2018_446.pcap,tcp_351,tcp,351,Brute-Force,Malware,Web-Attack,Brute-Force
Thursday-22-02-2018_447.pcap,tcp_491,tcp,491,Brute-Force,Malware,Web-Attack,Brute-Force
Thursday-22-02-2018_447.pcap,tcp_423,tcp,423,Brute-Force,Malware,Web-Attack,Brute-Force
Thursday-22-02-2018_447.pcap,tcp_277,tcp,277,Brute-Force,Malware,Web-Attack,Brute-Force
Friday-23-02-2018_446.pcap,tcp_314,tcp,314,Brute-Force,Malware,Web-Attack,Brute-Force
Friday-23-02-2018_446.pcap,tcp_246,tcp,246,Brute-Force,Malware,Web-Attack,Brute-Force
Friday-23-02-2018_446.pcap,tcp_330,tcp,330,Brute-Force,Malware,Web-Attack,Brute-Force
Friday-23-02-2018_446.pcap,tcp_357,tcp,357,Brute-Force,Malware,Web-Attack,Brute-Force
Thursday-22-02-2018_447.pcap,tcp_285,tcp,285,Brute-Force,Malware,Web-Attack,Brute-Force
Friday-23-02-2018_446.pcap,tcp_279,tcp,279,Brute-Force,Malware,Web-Attack,Brute-Force
Thursday-22-02-2018_447.pcap,tcp_429,tcp,429,Brute-Force,Malware,Web-Attack,Brute-Force
Thursday-22-02-2018_447.pcap,tcp_361,tcp,361,Brute-Force,Malware,Web-Attack,Brute-Force
Friday-23-02-2018_446.pcap,tcp_301,tcp,301,Brute-Force,Malware,Web-Attack,Brute-Force
Friday-23-02-2018_446.pcap,tcp_231,tcp,231,Brute-Force,Malware,Web-Attack,Brute-Force
Friday-23-02-2018_446.pcap,tcp_425,tcp,425,Brute-Force,Malware,Web-Attack,Brute-Force
Thursday-22-02-2018_447.pcap,tcp_309,tcp,309,Brute-Force,Malware,Web-Attack,Brute-Force
Thursday-22-02-2018_447.pcap,tcp_272,tcp,272,Brute-Force,Malware,Web-Attack,Brute-Force
Thursday-22-02-2018_447.pcap,tcp_461,tcp,461,Brute-Force,Malware,Web-Attack,Brute-Force
Friday-23-02-2018_446.pcap,tcp_281,tcp,281,Brute-Force,Malware,Web-Attack,Brute-Force
Friday-23-02-2018_446.pcap,tcp_229,tcp,229,Brute-Force,Malware,Web-Attack,Brute-Force
Thursday-15-02-2018_449.pcap,tcp_32330,tcp,32330,Slowloris,Malware,DoS,Slowloris
Thursday-15-02-2018_449.pcap,tcp_34098,tcp,34098,Slowloris,Malware,DoS,Slowloris
Thursday-15-02-2018_449.pcap,tcp_33546,tcp,33546,Slowloris,Malware,DoS,Slowloris
Thursday-15-02-2018_449.pcap,tcp_33042,tcp,33042,Slowloris,Malware,DoS,Slowloris
Thursday-15-02-2018_449.pcap,tcp_28717,tcp,28717,Slowloris,Malware,DoS,Slowloris
Thursday-15-02-2018_449.pcap,tcp_31447,tcp,31447,Slowloris,Malware,DoS,Slowloris
Thursday-15-02-2018_449.pcap,tcp_31212,tcp,31212,Slowloris,Malware,DoS,Slowloris
Thursday-15-02-2018_449.pcap,tcp_27962,tcp,27962,Slowloris,Malware,DoS,Slowloris
Thursday-15-02-2018_449.pcap,tcp_33633,tcp,33633,Slowloris,Malware,DoS,Slowloris
Thursday-15-02-2018_449.pcap,tcp_32996,tcp,32996,Slowloris,Malware,DoS,Slowloris
Thursday-15-02-2018_449.pcap,tcp_27830,tcp,27830,Slowloris,Malware,DoS,Slowloris
Thursday-15-02-2018_449.pcap,tcp_30431,tcp,30431,Slowloris,Malware,DoS,Slowloris
Thursday-15-02-2018_449.pcap,tcp_28346,tcp,28346,Slowloris,Malware,DoS,Slowloris
Thursday-15-02-2018_449.pcap,tcp_28558,tcp,28558,Slowloris,Malware,DoS,Slowloris
Thursday-15-02-2018_449.pcap,tcp_29238,tcp,29238,Slowloris,Malware,DoS,Slowloris
Thursday-15-02-2018_449.pcap,tcp_29965,tcp,29965,Slowloris,Malware,DoS,Slowloris
Thursday-15-02-2018_449.pcap,tcp_31416,tcp,31416,Slowloris,Malware,DoS,Slowloris
Thursday-15-02-2018_449.pcap,tcp_28106,tcp,28106,Slowloris,Malware,DoS,Slowloris
Thursday-15-02-2018_449.pcap,tcp_30454,tcp,30454,Slowloris,Malware,DoS,Slowloris
Thursday-15-02-2018_449.pcap,tcp_27869,tcp,27869,Slowloris,Malware,DoS,Slowloris
Thursday-15-02-2018_449.pcap,tcp_33730,tcp,33730,Slowloris,Malware,DoS,Slowloris
Thursday-15-02-2018_449.pcap,tcp_31112,tcp,31112,Slowloris,Malware,DoS,Slowloris
Thursday-15-02-2018_449.pcap,tcp_31596,tcp,31596,Slowloris,Malware,DoS,Slowloris
Thursday-15-02-2018_449.pcap,tcp_32533,tcp,32533,Slowloris,Malware,DoS,Slowloris
Thursday-15-02-2018_449.pcap,tcp_31943,tcp,31943,Slowloris,Malware,DoS,Slowloris
Thursday-15-02-2018_449.pcap,tcp_31655,tcp,31655,Slowloris,Malware,DoS,Slowloris
Thursday-15-02-2018_449.pcap,tcp_28472,tcp,28472,Slowloris,Malware,DoS,Slowloris
Thursday-15-02-2018_449.pcap,tcp_32851,tcp,32851,Slowloris,Malware,DoS,Slowloris
Thursday-15-02-2018_449.pcap,tcp_31761,tcp,31761,Slowloris,Malware,DoS,Slowloris
Thursday-15-02-2018_449.pcap,tcp_28221,tcp,28221,Slowloris,Malware,DoS,Slowloris
Thursday-15-02-2018_449.pcap,tcp_28085,tcp,28085,Slowloris,Malware,DoS,Slowloris
Thursday-15-02-2018_449.pcap,tcp_30086,tcp,30086,Slowloris,Malware,DoS,Slowloris
Thursday-15-02-2018_449.pcap,tcp_33686,tcp,33686,Slowloris,Malware,DoS,Slowloris
Thursday-15-02-2018_449.pcap,tcp_33205,tcp,33205,Slowloris,Malware,DoS,Slowloris
Thursday-15-02-2018_449.pcap,tcp_27513,tcp,27513,Slowloris,Malware,DoS,Slowloris
Thursday-15-02-2018_449.pcap,tcp_31904,tcp,31904,Slowloris,Malware,DoS,Slowloris
Thursday-15-02-2018_449.pcap,tcp_27504,tcp,27504,Slowloris,Malware,DoS,Slowloris
Thursday-15-02-2018_449.pcap,tcp_27322,tcp,27322,Slowloris,Malware,DoS,Slowloris
Thursday-15-02-2018_449.pcap,tcp_29575,tcp,29575,Slowloris,Malware,DoS,Slowloris
Thursday-15-02-2018_449.pcap,tcp_31842,tcp,31842,Slowloris,Malware,DoS,Slowloris
Thursday-15-02-2018_449.pcap,tcp_29216,tcp,29216,Slowloris,Malware,DoS,Slowloris
Thursday-15-02-2018_449.pcap,tcp_32602,tcp,32602,Slowloris,Malware,DoS,Slowloris
Thursday-15-02-2018_449.pcap,tcp_29547,tcp,29547,Slowloris,Malware,DoS,Slowloris
Thursday-15-02-2018_449.pcap,tcp_27437,tcp,27437,Slowloris,Malware,DoS,Slowloris
Thursday-15-02-2018_449.pcap,tcp_28968,tcp,28968,Slowloris,Malware,DoS,Slowloris
Thursday-15-02-2018_449.pcap,tcp_28670,tcp,28670,Slowloris,Malware,DoS,Slowloris
Thursday-15-02-2018_449.pcap,tcp_31159,tcp,31159,Slowloris,Malware,DoS,Slowloris
Thursday-15-02-2018_449.pcap,tcp_28741,tcp,28741,Slowloris,Malware,DoS,Slowloris
Thursday-15-02-2018_449.pcap,tcp_32142,tcp,32142,Slowloris,Malware,DoS,Slowloris
Thursday-15-02-2018_449.pcap,tcp_33370,tcp,33370,Slowloris,Malware,DoS,Slowloris
Thursday-15-02-2018_449.pcap,tcp_31663,tcp,31663,Slowloris,Malware,DoS,Slowloris
Thursday-15-02-2018_449.pcap,tcp_32675,tcp,32675,Slowloris,Malware,DoS,Slowloris
Thursday-15-02-2018_449.pcap,tcp_30341,tcp,30341,Slowloris,Malware,DoS,Slowloris
Thursday-15-02-2018_449.pcap,tcp_30897,tcp,30897,Slowloris,Malware,DoS,Slowloris
Thursday-15-02-2018_449.pcap,tcp_28687,tcp,28687,Slowloris,Malware,DoS,Slowloris
Thursday-15-02-2018_449.pcap,tcp_30848,tcp,30848,Slowloris,Malware,DoS,Slowloris
Thursday-15-02-2018_449.pcap,tcp_32716,tcp,32716,Slowloris,Malware,DoS,Slowloris
Thursday-15-02-2018_449.pcap,tcp_28168,tcp,28168,Slowloris,Malware,DoS,Slowloris
Thursday-15-02-2018_449.pcap,tcp_29145,tcp,29145,Slowloris,Malware,DoS,Slowloris
Thursday-15-02-2018_449.pcap,tcp_33958,tcp,33958,Slowloris,Malware,DoS,Slowloris
Thursday-15-02-2018_449.pcap,tcp_33431,tcp,33431,Slowloris,Malware,DoS,Slowloris
Thursday-15-02-2018_449.pcap,tcp_31075,tcp,31075,Slowloris,Malware,DoS,Slowloris
Thursday-15-02-2018_449.pcap,tcp_28936,tcp,28936,Slowloris,Malware,DoS,Slowloris
Thursday-15-02-2018_449.pcap,tcp_31633,tcp,31633,Slowloris,Malware,DoS,Slowloris
Thursday-15-02-2018_449.pcap,tcp_33028,tcp,33028,Slowloris,Malware,DoS,Slowloris
Thursday-15-02-2018_449.pcap,tcp_27290,tcp,27290,Slowloris,Malware,DoS,Slowloris
Thursday-15-02-2018_449.pcap,tcp_29045,tcp,29045,Slowloris,Malware,DoS,Slowloris
Thursday-15-02-2018_449.pcap,tcp_34265,tcp,34265,Slowloris,Malware,DoS,Slowloris
Thursday-15-02-2018_449.pcap,tcp_31438,tcp,31438,Slowloris,Malware,DoS,Slowloris
Thursday-15-02-2018_449.pcap,tcp_33524,tcp,33524,Slowloris,Malware,DoS,Slowloris
Thursday-15-02-2018_449.pcap,tcp_29922,tcp,29922,Slowloris,Malware,DoS,Slowloris
Thursday-15-02-2018_449.pcap,tcp_32267,tcp,32267,Slowloris,Malware,DoS,Slowloris
Thursday-15-02-2018_449.pcap,tcp_32134,tcp,32134,Slowloris,Malware,DoS,Slowloris
Thursday-15-02-2018_449.pcap,tcp_31526,tcp,31526,Slowloris,Malware,DoS,Slowloris
Thursday-15-02-2018_449.pcap,tcp_30992,tcp,30992,Slowloris,Malware,DoS,Slowloris
Thursday-15-02-2018_449.pcap,tcp_32876,tcp,32876,Slowloris,Malware,DoS,Slowloris
Thursday-15-02-2018_449.pcap,tcp_29571,tcp,29571,Slowloris,Malware,DoS,Slowloris
Thursday-15-02-2018_449.pcap,tcp_34045,tcp,34045,Slowloris,Malware,DoS,Slowloris
Thursday-15-02-2018_449.pcap,tcp_28437,tcp,28437,Slowloris,Malware,DoS,Slowloris
Thursday-15-02-2018_449.pcap,tcp_32525,tcp,32525,Slowloris,Malware,DoS,Slowloris
Thursday-15-02-2018_449.pcap,tcp_34080,tcp,34080,Slowloris,Malware,DoS,Slowloris
Thursday-15-02-2018_449.pcap,tcp_30066,tcp,30066,Slowloris,Malware,DoS,Slowloris
Thursday-15-02-2018_449.pcap,tcp_32975,tcp,32975,Slowloris,Malware,DoS,Slowloris
Thursday-15-02-2018_449.pcap,tcp_33981,tcp,33981,Slowloris,Malware,DoS,Slowloris
Thursday-15-02-2018_449.pcap,tcp_28826,tcp,28826,Slowloris,Malware,DoS,Slowloris
Thursday-15-02-2018_449.pcap,tcp_30427,tcp,30427,Slowloris,Malware,DoS,Slowloris
Thursday-15-02-2018_449.pcap,tcp_31114,tcp,31114,Slowloris,Malware,DoS,Slowloris
Thursday-15-02-2018_449.pcap,tcp_27892,tcp,27892,Slowloris,Malware,DoS,Slowloris
Thursday-15-02-2018_449.pcap,tcp_32998,tcp,32998,Slowloris,Malware,DoS,Slowloris
Thursday-15-02-2018_449.pcap,tcp_30651,tcp,30651,Slowloris,Malware,DoS,Slowloris
Thursday-15-02-2018_449.pcap,tcp_32376,tcp,32376,Slowloris,Malware,DoS,Slowloris
Thursday-15-02-2018_449.pcap,tcp_28164,tcp,28164,Slowloris,Malware,DoS,Slowloris
Thursday-15-02-2018_449.pcap,tcp_33345,tcp,33345,Slowloris,Malware,DoS,Slowloris
Thursday-15-02-2018_449.pcap,tcp_29329,tcp,29329,Slowloris,Malware,DoS,Slowloris
Thursday-15-02-2018_449.pcap,tcp_31106,tcp,31106,Slowloris,Malware,DoS,Slowloris
Thursday-15-02-2018_449.pcap,tcp_33665,tcp,33665,Slowloris,Malware,DoS,Slowloris
Thursday-15-02-2018_449.pcap,tcp_29047,tcp,29047,Slowloris,Malware,DoS,Slowloris
Thursday-15-02-2018_449.pcap,tcp_32242,tcp,32242,Slowloris,Malware,DoS,Slowloris
Thursday-15-02-2018_449.pcap,tcp_32137,tcp,32137,Slowloris,Malware,DoS,Slowloris
Thursday-15-02-2018_449.pcap,tcp_30056,tcp,30056,Slowloris,Malware,DoS,Slowloris
Thursday-15-02-2018_449.pcap,tcp_29810,tcp,29810,Slowloris,Malware,DoS,Slowloris
Thursday-15-02-2018_449.pcap,tcp_33325,tcp,33325,Slowloris,Malware,DoS,Slowloris
Thursday-15-02-2018_449.pcap,tcp_32312,tcp,32312,Slowloris,Malware,DoS,Slowloris
Thursday-15-02-2018_449.pcap,tcp_32314,tcp,32314,Slowloris,Malware,DoS,Slowloris
Thursday-15-02-2018_449.pcap,tcp_33874,tcp,33874,Slowloris,Malware,DoS,Slowloris
Thursday-15-02-2018_449.pcap,tcp_33003,tcp,33003,Slowloris,Malware,DoS,Slowloris
Thursday-15-02-2018_449.pcap,tcp_32043,tcp,32043,Slowloris,Malware,DoS,Slowloris
Thursday-15-02-2018_449.pcap,tcp_29029,tcp,29029,Slowloris,Malware,DoS,Slowloris
Thursday-15-02-2018_449.pcap,tcp_28577,tcp,28577,Slowloris,Malware,DoS,Slowloris
Thursday-15-02-2018_449.pcap,tcp_27879,tcp,27879,Slowloris,Malware,DoS,Slowloris
Thursday-15-02-2018_449.pcap,tcp_29509,tcp,29509,Slowloris,Malware,DoS,Slowloris
Thursday-15-02-2018_449.pcap,tcp_27527,tcp,27527,Slowloris,Malware,DoS,Slowloris
Thursday-15-02-2018_449.pcap,tcp_33791,tcp,33791,Slowloris,Malware,DoS,Slowloris
Thursday-15-02-2018_449.pcap,tcp_32061,tcp,32061,Slowloris,Malware,DoS,Slowloris
Thursday-15-02-2018_449.pcap,tcp_28797,tcp,28797,Slowloris,Malware,DoS,Slowloris
Thursday-15-02-2018_449.pcap,tcp_31914,tcp,31914,Slowloris,Malware,DoS,Slowloris
Thursday-15-02-2018_449.pcap,tcp_33313,tcp,33313,Slowloris,Malware,DoS,Slowloris
Thursday-15-02-2018_449.pcap,tcp_27990,tcp,27990,Slowloris,Malware,DoS,Slowloris
Thursday-15-02-2018_449.pcap,tcp_28922,tcp,28922,Slowloris,Malware,DoS,Slowloris
Thursday-15-02-2018_449.pcap,tcp_29709,tcp,29709,Slowloris,Malware,DoS,Slowloris
Thursday-15-02-2018_449.pcap,tcp_30946,tcp,30946,Slowloris,Malware,DoS,Slowloris
Thursday-15-02-2018_449.pcap,tcp_29649,tcp,29649,Slowloris,Malware,DoS,Slowloris
Thursday-15-02-2018_449.pcap,tcp_29876,tcp,29876,Slowloris,Malware,DoS,Slowloris
Thursday-15-02-2018_449.pcap,tcp_32338,tcp,32338,Slowloris,Malware,DoS,Slowloris
Thursday-15-02-2018_449.pcap,tcp_31122,tcp,31122,Slowloris,Malware,DoS,Slowloris
Thursday-15-02-2018_449.pcap,tcp_31427,tcp,31427,Slowloris,Malware,DoS,Slowloris
Thursday-15-02-2018_449.pcap,tcp_32691,tcp,32691,Slowloris,Malware,DoS,Slowloris
Thursday-15-02-2018_449.pcap,tcp_32076,tcp,32076,Slowloris,Malware,DoS,Slowloris
Thursday-15-02-2018_449.pcap,tcp_29610,tcp,29610,Slowloris,Malware,DoS,Slowloris
Thursday-15-02-2018_449.pcap,tcp_29770,tcp,29770,Slowloris,Malware,DoS,Slowloris
Thursday-15-02-2018_449.pcap,tcp_31989,tcp,31989,Slowloris,Malware,DoS,Slowloris
Thursday-15-02-2018_449.pcap,tcp_31698,tcp,31698,Slowloris,Malware,DoS,Slowloris
Thursday-15-02-2018_449.pcap,tcp_33703,tcp,33703,Slowloris,Malware,DoS,Slowloris
Thursday-15-02-2018_449.pcap,tcp_28483,tcp,28483,Slowloris,Malware,DoS,Slowloris
Thursday-15-02-2018_449.pcap,tcp_30228,tcp,30228,Slowloris,Malware,DoS,Slowloris
Thursday-15-02-2018_449.pcap,tcp_31426,tcp,31426,Slowloris,Malware,DoS,Slowloris
Thursday-15-02-2018_449.pcap,tcp_28473,tcp,28473,Slowloris,Malware,DoS,Slowloris
Thursday-15-02-2018_449.pcap,tcp_31535,tcp,31535,Slowloris,Malware,DoS,Slowloris
Thursday-15-02-2018_449.pcap,tcp_30659,tcp,30659,Slowloris,Malware,DoS,Slowloris
Thursday-15-02-2018_449.pcap,tcp_31660,tcp,31660,Slowloris,Malware,DoS,Slowloris
Thursday-15-02-2018_449.pcap,tcp_28323,tcp,28323,Slowloris,Malware,DoS,Slowloris
Thursday-15-02-2018_449.pcap,tcp_30271,tcp,30271,Slowloris,Malware,DoS,Slowloris
Thursday-15-02-2018_449.pcap,tcp_32306,tcp,32306,Slowloris,Malware,DoS,Slowloris
Thursday-15-02-2018_449.pcap,tcp_31572,tcp,31572,Slowloris,Malware,DoS,Slowloris
Thursday-15-02-2018_449.pcap,tcp_28064,tcp,28064,Slowloris,Malware,DoS,Slowloris
Thursday-15-02-2018_449.pcap,tcp_32069,tcp,32069,Slowloris,Malware,DoS,Slowloris
Thursday-15-02-2018_449.pcap,tcp_30633,tcp,30633,Slowloris,Malware,DoS,Slowloris
Thursday-15-02-2018_449.pcap,tcp_33443,tcp,33443,Slowloris,Malware,DoS,Slowloris
Thursday-15-02-2018_449.pcap,tcp_34214,tcp,34214,Slowloris,Malware,DoS,Slowloris
Thursday-15-02-2018_449.pcap,tcp_28806,tcp,28806,Slowloris,Malware,DoS,Slowloris
Thursday-15-02-2018_449.pcap,tcp_33691,tcp,33691,Slowloris,Malware,DoS,Slowloris
Thursday-15-02-2018_449.pcap,tcp_30434,tcp,30434,Slowloris,Malware,DoS,Slowloris
Thursday-15-02-2018_449.pcap,tcp_28436,tcp,28436,Slowloris,Malware,DoS,Slowloris
Thursday-15-02-2018_449.pcap,tcp_31433,tcp,31433,Slowloris,Malware,DoS,Slowloris
Thursday-15-02-2018_449.pcap,tcp_27979,tcp,27979,Slowloris,Malware,DoS,Slowloris
Thursday-15-02-2018_449.pcap,tcp_32404,tcp,32404,Slowloris,Malware,DoS,Slowloris
Thursday-15-02-2018_449.pcap,tcp_30225,tcp,30225,Slowloris,Malware,DoS,Slowloris
Thursday-15-02-2018_449.pcap,tcp_31177,tcp,31177,Slowloris,Malware,DoS,Slowloris
Thursday-15-02-2018_449.pcap,tcp_29221,tcp,29221,Slowloris,Malware,DoS,Slowloris
Thursday-15-02-2018_449.pcap,tcp_29588,tcp,29588,Slowloris,Malware,DoS,Slowloris
Thursday-15-02-2018_449.pcap,tcp_33983,tcp,33983,Slowloris,Malware,DoS,Slowloris
Thursday-15-02-2018_449.pcap,tcp_31255,tcp,31255,Slowloris,Malware,DoS,Slowloris
Thursday-15-02-2018_449.pcap,tcp_33525,tcp,33525,Slowloris,Malware,DoS,Slowloris
Thursday-15-02-2018_449.pcap,tcp_29864,tcp,29864,Slowloris,Malware,DoS,Slowloris
Thursday-15-02-2018_449.pcap,tcp_30502,tcp,30502,Slowloris,Malware,DoS,Slowloris
Thursday-15-02-2018_449.pcap,tcp_29616,tcp,29616,Slowloris,Malware,DoS,Slowloris
Thursday-15-02-2018_449.pcap,tcp_27775,tcp,27775,Slowloris,Malware,DoS,Slowloris
Thursday-15-02-2018_449.pcap,tcp_32486,tcp,32486,Slowloris,Malware,DoS,Slowloris
Thursday-15-02-2018_449.pcap,tcp_32402,tcp,32402,Slowloris,Malware,DoS,Slowloris
Thursday-15-02-2018_449.pcap,tcp_30781,tcp,30781,Slowloris,Malware,DoS,Slowloris
Thursday-15-02-2018_449.pcap,tcp_27627,tcp,27627,Slowloris,Malware,DoS,Slowloris
Thursday-15-02-2018_449.pcap,tcp_31981,tcp,31981,Slowloris,Malware,DoS,Slowloris
Thursday-15-02-2018_449.pcap,tcp_33458,tcp,33458,Slowloris,Malware,DoS,Slowloris
Thursday-15-02-2018_449.pcap,tcp_33062,tcp,33062,Slowloris,Malware,DoS,Slowloris
Thursday-15-02-2018_449.pcap,tcp_32459,tcp,32459,Slowloris,Malware,DoS,Slowloris
Thursday-15-02-2018_449.pcap,tcp_27562,tcp,27562,Slowloris,Malware,DoS,Slowloris
Thursday-15-02-2018_449.pcap,tcp_27446,tcp,27446,Slowloris,Malware,DoS,Slowloris
Thursday-15-02-2018_449.pcap,tcp_27934,tcp,27934,Slowloris,Malware,DoS,Slowloris
Thursday-15-02-2018_449.pcap,tcp_30000,tcp,30000,Slowloris,Malware,DoS,Slowloris
Thursday-15-02-2018_449.pcap,tcp_27428,tcp,27428,Slowloris,Malware,DoS,Slowloris
Thursday-15-02-2018_449.pcap,tcp_32869,tcp,32869,Slowloris,Malware,DoS,Slowloris
Thursday-15-02-2018_449.pcap,tcp_33644,tcp,33644,Slowloris,Malware,DoS,Slowloris
Thursday-15-02-2018_449.pcap,tcp_33948,tcp,33948,Slowloris,Malware,DoS,Slowloris
Thursday-15-02-2018_449.pcap,tcp_33440,tcp,33440,Slowloris,Malware,DoS,Slowloris
Thursday-15-02-2018_449.pcap,tcp_34303,tcp,34303,Slowloris,Malware,DoS,Slowloris
Thursday-15-02-2018_449.pcap,tcp_29495,tcp,29495,Slowloris,Malware,DoS,Slowloris
Thursday-15-02-2018_449.pcap,tcp_30601,tcp,30601,Slowloris,Malware,DoS,Slowloris
Thursday-15-02-2018_449.pcap,tcp_28973,tcp,28973,Slowloris,Malware,DoS,Slowloris
Thursday-15-02-2018_449.pcap,tcp_27495,tcp,27495,Slowloris,Malware,DoS,Slowloris
Thursday-15-02-2018_449.pcap,tcp_34152,tcp,34152,Slowloris,Malware,DoS,Slowloris
Thursday-15-02-2018_449.pcap,tcp_34346,tcp,34346,Slowloris,Malware,DoS,Slowloris
Thursday-15-02-2018_449.pcap,tcp_29847,tcp,29847,Slowloris,Malware,DoS,Slowloris
Thursday-15-02-2018_449.pcap,tcp_29723,tcp,29723,Slowloris,Malware,DoS,Slowloris
Thursday-15-02-2018_449.pcap,tcp_30303,tcp,30303,Slowloris,Malware,DoS,Slowloris
Thursday-15-02-2018_449.pcap,tcp_33400,tcp,33400,Slowloris,Malware,DoS,Slowloris
Thursday-15-02-2018_449.pcap,tcp_29884,tcp,29884,Slowloris,Malware,DoS,Slowloris
Thursday-15-02-2018_449.pcap,tcp_27379,tcp,27379,Slowloris,Malware,DoS,Slowloris
Thursday-15-02-2018_449.pcap,tcp_33213,tcp,33213,Slowloris,Malware,DoS,Slowloris
Thursday-15-02-2018_449.pcap,tcp_33483,tcp,33483,Slowloris,Malware,DoS,Slowloris
Thursday-15-02-2018_449.pcap,tcp_29831,tcp,29831,Slowloris,Malware,DoS,Slowloris
Thursday-15-02-2018_449.pcap,tcp_30689,tcp,30689,Slowloris,Malware,DoS,Slowloris
Thursday-15-02-2018_449.pcap,tcp_27293,tcp,27293,Slowloris,Malware,DoS,Slowloris
Thursday-15-02-2018_449.pcap,tcp_31908,tcp,31908,Slowloris,Malware,DoS,Slowloris
Thursday-15-02-2018_449.pcap,tcp_33758,tcp,33758,Slowloris,Malware,DoS,Slowloris
Thursday-15-02-2018_449.pcap,tcp_30123,tcp,30123,Slowloris,Malware,DoS,Slowloris
Thursday-15-02-2018_449.pcap,tcp_28667,tcp,28667,Slowloris,Malware,DoS,Slowloris
Thursday-15-02-2018_449.pcap,tcp_29640,tcp,29640,Slowloris,Malware,DoS,Slowloris
Thursday-15-02-2018_449.pcap,tcp_30814,tcp,30814,Slowloris,Malware,DoS,Slowloris
Thursday-15-02-2018_449.pcap,tcp_29355,tcp,29355,Slowloris,Malware,DoS,Slowloris
Thursday-15-02-2018_449.pcap,tcp_27702,tcp,27702,Slowloris,Malware,DoS,Slowloris
Thursday-15-02-2018_449.pcap,tcp_28145,tcp,28145,Slowloris,Malware,DoS,Slowloris
Thursday-15-02-2018_449.pcap,tcp_31284,tcp,31284,Slowloris,Malware,DoS,Slowloris
Thursday-15-02-2018_449.pcap,tcp_29159,tcp,29159,Slowloris,Malware,DoS,Slowloris
Thursday-15-02-2018_449.pcap,tcp_30796,tcp,30796,Slowloris,Malware,DoS,Slowloris
Thursday-15-02-2018_449.pcap,tcp_29650,tcp,29650,Slowloris,Malware,DoS,Slowloris
Thursday-15-02-2018_449.pcap,tcp_33000,tcp,33000,Slowloris,Malware,DoS,Slowloris
Thursday-15-02-2018_449.pcap,tcp_27592,tcp,27592,Slowloris,Malware,DoS,Slowloris
Thursday-15-02-2018_449.pcap,tcp_34122,tcp,34122,Slowloris,Malware,DoS,Slowloris
Thursday-15-02-2018_449.pcap,tcp_28325,tcp,28325,Slowloris,Malware,DoS,Slowloris
Thursday-15-02-2018_449.pcap,tcp_27613,tcp,27613,Slowloris,Malware,DoS,Slowloris
Thursday-15-02-2018_449.pcap,tcp_33516,tcp,33516,Slowloris,Malware,DoS,Slowloris
Thursday-15-02-2018_449.pcap,tcp_31085,tcp,31085,Slowloris,Malware,DoS,Slowloris
Thursday-15-02-2018_449.pcap,tcp_29554,tcp,29554,Slowloris,Malware,DoS,Slowloris
Thursday-15-02-2018_449.pcap,tcp_32846,tcp,32846,Slowloris,Malware,DoS,Slowloris
Thursday-15-02-2018_449.pcap,tcp_28613,tcp,28613,Slowloris,Malware,DoS,Slowloris
Thursday-15-02-2018_449.pcap,tcp_31986,tcp,31986,Slowloris,Malware,DoS,Slowloris
Thursday-15-02-2018_449.pcap,tcp_27547,tcp,27547,Slowloris,Malware,DoS,Slowloris
Thursday-15-02-2018_449.pcap,tcp_34142,tcp,34142,Slowloris,Malware,DoS,Slowloris
Thursday-15-02-2018_449.pcap,tcp_32874,tcp,32874,Slowloris,Malware,DoS,Slowloris
Thursday-15-02-2018_449.pcap,tcp_29232,tcp,29232,Slowloris,Malware,DoS,Slowloris
Thursday-15-02-2018_449.pcap,tcp_31967,tcp,31967,Slowloris,Malware,DoS,Slowloris
Thursday-15-02-2018_449.pcap,tcp_34108,tcp,34108,Slowloris,Malware,DoS,Slowloris
Thursday-15-02-2018_449.pcap,tcp_30269,tcp,30269,Slowloris,Malware,DoS,Slowloris
Thursday-15-02-2018_449.pcap,tcp_30135,tcp,30135,Slowloris,Malware,DoS,Slowloris
Thursday-15-02-2018_449.pcap,tcp_33783,tcp,33783,Slowloris,Malware,DoS,Slowloris
Thursday-15-02-2018_449.pcap,tcp_30597,tcp,30597,Slowloris,Malware,DoS,Slowloris
Thursday-15-02-2018_449.pcap,tcp_28727,tcp,28727,Slowloris,Malware,DoS,Slowloris
Thursday-15-02-2018_449.pcap,tcp_34007,tcp,34007,Slowloris,Malware,DoS,Slowloris
Thursday-15-02-2018_449.pcap,tcp_30031,tcp,30031,Slowloris,Malware,DoS,Slowloris
Thursday-15-02-2018_449.pcap,tcp_28972,tcp,28972,Slowloris,Malware,DoS,Slowloris
Thursday-15-02-2018_449.pcap,tcp_31532,tcp,31532,Slowloris,Malware,DoS,Slowloris
Thursday-15-02-2018_449.pcap,tcp_33672,tcp,33672,Slowloris,Malware,DoS,Slowloris
Thursday-15-02-2018_449.pcap,tcp_33376,tcp,33376,Slowloris,Malware,DoS,Slowloris
Thursday-15-02-2018_449.pcap,tcp_34136,tcp,34136,Slowloris,Malware,DoS,Slowloris
Thursday-15-02-2018_449.pcap,tcp_29092,tcp,29092,Slowloris,Malware,DoS,Slowloris
Thursday-15-02-2018_449.pcap,tcp_29416,tcp,29416,Slowloris,Malware,DoS,Slowloris
Thursday-15-02-2018_449.pcap,tcp_28693,tcp,28693,Slowloris,Malware,DoS,Slowloris
Thursday-15-02-2018_449.pcap,tcp_30534,tcp,30534,Slowloris,Malware,DoS,Slowloris
Thursday-15-02-2018_449.pcap,tcp_28542,tcp,28542,Slowloris,Malware,DoS,Slowloris
Thursday-15-02-2018_449.pcap,tcp_33350,tcp,33350,Slowloris,Malware,DoS,Slowloris
Thursday-15-02-2018_449.pcap,tcp_32116,tcp,32116,Slowloris,Malware,DoS,Slowloris
Thursday-15-02-2018_449.pcap,tcp_32089,tcp,32089,Slowloris,Malware,DoS,Slowloris
Thursday-15-02-2018_449.pcap,tcp_32646,tcp,32646,Slowloris,Malware,DoS,Slowloris
Thursday-15-02-2018_449.pcap,tcp_31906,tcp,31906,Slowloris,Malware,DoS,Slowloris
Thursday-15-02-2018_449.pcap,tcp_30735,tcp,30735,Slowloris,Malware,DoS,Slowloris
Thursday-15-02-2018_449.pcap,tcp_30983,tcp,30983,Slowloris,Malware,DoS,Slowloris
Thursday-15-02-2018_449.pcap,tcp_32523,tcp,32523,Slowloris,Malware,DoS,Slowloris
Thursday-15-02-2018_449.pcap,tcp_32461,tcp,32461,Slowloris,Malware,DoS,Slowloris
Thursday-15-02-2018_449.pcap,tcp_31717,tcp,31717,Slowloris,Malware,DoS,Slowloris
Thursday-15-02-2018_449.pcap,tcp_31216,tcp,31216,Slowloris,Malware,DoS,Slowloris
Thursday-15-02-2018_449.pcap,tcp_32692,tcp,32692,Slowloris,Malware,DoS,Slowloris
Thursday-15-02-2018_449.pcap,tcp_33366,tcp,33366,Slowloris,Malware,DoS,Slowloris
Thursday-15-02-2018_449.pcap,tcp_30170,tcp,30170,Slowloris,Malware,DoS,Slowloris
Thursday-15-02-2018_449.pcap,tcp_28541,tcp,28541,Slowloris,Malware,DoS,Slowloris
Thursday-15-02-2018_449.pcap,tcp_31030,tcp,31030,Slowloris,Malware,DoS,Slowloris
Thursday-15-02-2018_449.pcap,tcp_31498,tcp,31498,Slowloris,Malware,DoS,Slowloris
Thursday-15-02-2018_449.pcap,tcp_32827,tcp,32827,Slowloris,Malware,DoS,Slowloris
Thursday-15-02-2018_449.pcap,tcp_29599,tcp,29599,Slowloris,Malware,DoS,Slowloris
Thursday-15-02-2018_449.pcap,tcp_31461,tcp,31461,Slowloris,Malware,DoS,Slowloris
Thursday-15-02-2018_449.pcap,tcp_29073,tcp,29073,Slowloris,Malware,DoS,Slowloris
Thursday-15-02-2018_449.pcap,tcp_30385,tcp,30385,Slowloris,Malware,DoS,Slowloris
Thursday-15-02-2018_449.pcap,tcp_32918,tcp,32918,Slowloris,Malware,DoS,Slowloris
Thursday-15-02-2018_449.pcap,tcp_30110,tcp,30110,Slowloris,Malware,DoS,Slowloris
Thursday-15-02-2018_449.pcap,tcp_32206,tcp,32206,Slowloris,Malware,DoS,Slowloris
Thursday-15-02-2018_449.pcap,tcp_28774,tcp,28774,Slowloris,Malware,DoS,Slowloris
Thursday-15-02-2018_449.pcap,tcp_31539,tcp,31539,Slowloris,Malware,DoS,Slowloris
Thursday-15-02-2018_449.pcap,tcp_30505,tcp,30505,Slowloris,Malware,DoS,Slowloris
Thursday-15-02-2018_449.pcap,tcp_31189,tcp,31189,Slowloris,Malware,DoS,Slowloris
Thursday-15-02-2018_449.pcap,tcp_29602,tcp,29602,Slowloris,Malware,DoS,Slowloris
Thursday-15-02-2018_449.pcap,tcp_28576,tcp,28576,Slowloris,Malware,DoS,Slowloris
Thursday-15-02-2018_449.pcap,tcp_32655,tcp,32655,Slowloris,Malware,DoS,Slowloris
Thursday-15-02-2018_449.pcap,tcp_31547,tcp,31547,Slowloris,Malware,DoS,Slowloris
Thursday-15-02-2018_449.pcap,tcp_29895,tcp,29895,Slowloris,Malware,DoS,Slowloris
Thursday-15-02-2018_449.pcap,tcp_28094,tcp,28094,Slowloris,Malware,DoS,Slowloris
Thursday-15-02-2018_449.pcap,tcp_30013,tcp,30013,Slowloris,Malware,DoS,Slowloris
Thursday-15-02-2018_449.pcap,tcp_33476,tcp,33476,Slowloris,Malware,DoS,Slowloris
Thursday-15-02-2018_449.pcap,tcp_29193,tcp,29193,Slowloris,Malware,DoS,Slowloris
Thursday-15-02-2018_449.pcap,tcp_33497,tcp,33497,Slowloris,Malware,DoS,Slowloris
Thursday-15-02-2018_449.pcap,tcp_29528,tcp,29528,Slowloris,Malware,DoS,Slowloris
Thursday-15-02-2018_449.pcap,tcp_29667,tcp,29667,Slowloris,Malware,DoS,Slowloris
Thursday-15-02-2018_449.pcap,tcp_27284,tcp,27284,Slowloris,Malware,DoS,Slowloris
Thursday-15-02-2018_449.pcap,tcp_33234,tcp,33234,Slowloris,Malware,DoS,Slowloris
Thursday-15-02-2018_449.pcap,tcp_29828,tcp,29828,Slowloris,Malware,DoS,Slowloris
Thursday-15-02-2018_449.pcap,tcp_31499,tcp,31499,Slowloris,Malware,DoS,Slowloris
Thursday-15-02-2018_449.pcap,tcp_27581,tcp,27581,Slowloris,Malware,DoS,Slowloris
Thursday-15-02-2018_449.pcap,tcp_29406,tcp,29406,Slowloris,Malware,DoS,Slowloris
Thursday-15-02-2018_449.pcap,tcp_33149,tcp,33149,Slowloris,Malware,DoS,Slowloris
Thursday-15-02-2018_449.pcap,tcp_29264,tcp,29264,Slowloris,Malware,DoS,Slowloris
Thursday-15-02-2018_449.pcap,tcp_32391,tcp,32391,Slowloris,Malware,DoS,Slowloris
Thursday-15-02-2018_449.pcap,tcp_27453,tcp,27453,Slowloris,Malware,DoS,Slowloris
Thursday-15-02-2018_449.pcap,tcp_34038,tcp,34038,Slowloris,Malware,DoS,Slowloris
Thursday-15-02-2018_449.pcap,tcp_31424,tcp,31424,Slowloris,Malware,DoS,Slowloris
Thursday-15-02-2018_449.pcap,tcp_33934,tcp,33934,Slowloris,Malware,DoS,Slowloris
Thursday-15-02-2018_449.pcap,tcp_29958,tcp,29958,Slowloris,Malware,DoS,Slowloris
Thursday-15-02-2018_449.pcap,tcp_28653,tcp,28653,Slowloris,Malware,DoS,Slowloris
Thursday-15-02-2018_449.pcap,tcp_28129,tcp,28129,Slowloris,Malware,DoS,Slowloris
Thursday-15-02-2018_449.pcap,tcp_29390,tcp,29390,Slowloris,Malware,DoS,Slowloris
Thursday-15-02-2018_449.pcap,tcp_29568,tcp,29568,Slowloris,Malware,DoS,Slowloris
Thursday-15-02-2018_449.pcap,tcp_27977,tcp,27977,Slowloris,Malware,DoS,Slowloris
Thursday-15-02-2018_449.pcap,tcp_31551,tcp,31551,Slowloris,Malware,DoS,Slowloris
Thursday-15-02-2018_449.pcap,tcp_30942,tcp,30942,Slowloris,Malware,DoS,Slowloris
Thursday-15-02-2018_449.pcap,tcp_31294,tcp,31294,Slowloris,Malware,DoS,Slowloris
Thursday-15-02-2018_449.pcap,tcp_30905,tcp,30905,Slowloris,Malware,DoS,Slowloris
Thursday-15-02-2018_449.pcap,tcp_31452,tcp,31452,Slowloris,Malware,DoS,Slowloris
Thursday-15-02-2018_449.pcap,tcp_29143,tcp,29143,Slowloris,Malware,DoS,Slowloris
Thursday-15-02-2018_449.pcap,tcp_32720,tcp,32720,Slowloris,Malware,DoS,Slowloris
Thursday-15-02-2018_449.pcap,tcp_29705,tcp,29705,Slowloris,Malware,DoS,Slowloris
Thursday-15-02-2018_449.pcap,tcp_27492,tcp,27492,Slowloris,Malware,DoS,Slowloris
Thursday-15-02-2018_449.pcap,tcp_33491,tcp,33491,Slowloris,Malware,DoS,Slowloris
Thursday-15-02-2018_449.pcap,tcp_31675,tcp,31675,Slowloris,Malware,DoS,Slowloris
Thursday-15-02-2018_449.pcap,tcp_28152,tcp,28152,Slowloris,Malware,DoS,Slowloris
Thursday-15-02-2018_449.pcap,tcp_32013,tcp,32013,Slowloris,Malware,DoS,Slowloris
Thursday-15-02-2018_449.pcap,tcp_34144,tcp,34144,Slowloris,Malware,DoS,Slowloris
Thursday-15-02-2018_449.pcap,tcp_33121,tcp,33121,Slowloris,Malware,DoS,Slowloris
Thursday-15-02-2018_449.pcap,tcp_28631,tcp,28631,Slowloris,Malware,DoS,Slowloris
Thursday-15-02-2018_449.pcap,tcp_33100,tcp,33100,Slowloris,Malware,DoS,Slowloris
Thursday-15-02-2018_449.pcap,tcp_27980,tcp,27980,Slowloris,Malware,DoS,Slowloris
Thursday-15-02-2018_449.pcap,tcp_31467,tcp,31467,Slowloris,Malware,DoS,Slowloris
Thursday-15-02-2018_449.pcap,tcp_34204,tcp,34204,Slowloris,Malware,DoS,Slowloris
Thursday-15-02-2018_449.pcap,tcp_33315,tcp,33315,Slowloris,Malware,DoS,Slowloris
Thursday-15-02-2018_449.pcap,tcp_34184,tcp,34184,Slowloris,Malware,DoS,Slowloris
Thursday-15-02-2018_449.pcap,tcp_32741,tcp,32741,Slowloris,Malware,DoS,Slowloris
Thursday-15-02-2018_449.pcap,tcp_27978,tcp,27978,Slowloris,Malware,DoS,Slowloris
Thursday-15-02-2018_449.pcap,tcp_32713,tcp,32713,Slowloris,Malware,DoS,Slowloris
Thursday-15-02-2018_449.pcap,tcp_32302,tcp,32302,Slowloris,Malware,DoS,Slowloris
Thursday-15-02-2018_449.pcap,tcp_29150,tcp,29150,Slowloris,Malware,DoS,Slowloris
Thursday-15-02-2018_449.pcap,tcp_32491,tcp,32491,Slowloris,Malware,DoS,Slowloris
Thursday-15-02-2018_449.pcap,tcp_27641,tcp,27641,Slowloris,Malware,DoS,Slowloris
Thursday-15-02-2018_449.pcap,tcp_32263,tcp,32263,Slowloris,Malware,DoS,Slowloris
Thursday-15-02-2018_449.pcap,tcp_30138,tcp,30138,Slowloris,Malware,DoS,Slowloris
Thursday-15-02-2018_449.pcap,tcp_29134,tcp,29134,Slowloris,Malware,DoS,Slowloris
Thursday-15-02-2018_449.pcap,tcp_27926,tcp,27926,Slowloris,Malware,DoS,Slowloris
Thursday-15-02-2018_449.pcap,tcp_30592,tcp,30592,Slowloris,Malware,DoS,Slowloris
Thursday-15-02-2018_449.pcap,tcp_33944,tcp,33944,Slowloris,Malware,DoS,Slowloris
Thursday-15-02-2018_449.pcap,tcp_28609,tcp,28609,Slowloris,Malware,DoS,Slowloris
Thursday-15-02-2018_449.pcap,tcp_29658,tcp,29658,Slowloris,Malware,DoS,Slowloris
Thursday-15-02-2018_449.pcap,tcp_30964,tcp,30964,Slowloris,Malware,DoS,Slowloris
Thursday-15-02-2018_449.pcap,tcp_28098,tcp,28098,Slowloris,Malware,DoS,Slowloris
Thursday-15-02-2018_449.pcap,tcp_29815,tcp,29815,Slowloris,Malware,DoS,Slowloris
Thursday-15-02-2018_449.pcap,tcp_31247,tcp,31247,Slowloris,Malware,DoS,Slowloris
Thursday-15-02-2018_449.pcap,tcp_27786,tcp,27786,Slowloris,Malware,DoS,Slowloris
Thursday-15-02-2018_449.pcap,tcp_28391,tcp,28391,Slowloris,Malware,DoS,Slowloris
Thursday-15-02-2018_449.pcap,tcp_30571,tcp,30571,Slowloris,Malware,DoS,Slowloris
Thursday-15-02-2018_449.pcap,tcp_32103,tcp,32103,Slowloris,Malware,DoS,Slowloris
Thursday-15-02-2018_449.pcap,tcp_29176,tcp,29176,Slowloris,Malware,DoS,Slowloris
Thursday-15-02-2018_449.pcap,tcp_28319,tcp,28319,Slowloris,Malware,DoS,Slowloris
Thursday-15-02-2018_449.pcap,tcp_29521,tcp,29521,Slowloris,Malware,DoS,Slowloris
Thursday-15-02-2018_449.pcap,tcp_28498,tcp,28498,Slowloris,Malware,DoS,Slowloris
Thursday-15-02-2018_449.pcap,tcp_27823,tcp,27823,Slowloris,Malware,DoS,Slowloris
Thursday-15-02-2018_449.pcap,tcp_30025,tcp,30025,Slowloris,Malware,DoS,Slowloris
Thursday-15-02-2018_449.pcap,tcp_30702,tcp,30702,Slowloris,Malware,DoS,Slowloris
Thursday-15-02-2018_449.pcap,tcp_27865,tcp,27865,Slowloris,Malware,DoS,Slowloris
Thursday-15-02-2018_449.pcap,tcp_29710,tcp,29710,Slowloris,Malware,DoS,Slowloris
Thursday-15-02-2018_449.pcap,tcp_29995,tcp,29995,Slowloris,Malware,DoS,Slowloris
Thursday-15-02-2018_449.pcap,tcp_31607,tcp,31607,Slowloris,Malware,DoS,Slowloris
Thursday-15-02-2018_449.pcap,tcp_28021,tcp,28021,Slowloris,Malware,DoS,Slowloris
Thursday-15-02-2018_449.pcap,tcp_29572,tcp,29572,Slowloris,Malware,DoS,Slowloris
Thursday-15-02-2018_449.pcap,tcp_29725,tcp,29725,Slowloris,Malware,DoS,Slowloris
Thursday-15-02-2018_449.pcap,tcp_30374,tcp,30374,Slowloris,Malware,DoS,Slowloris
Thursday-15-02-2018_449.pcap,tcp_32702,tcp,32702,Slowloris,Malware,DoS,Slowloris
Thursday-15-02-2018_449.pcap,tcp_29138,tcp,29138,Slowloris,Malware,DoS,Slowloris
Thursday-15-02-2018_449.pcap,tcp_31769,tcp,31769,Slowloris,Malware,DoS,Slowloris
Thursday-15-02-2018_449.pcap,tcp_30871,tcp,30871,Slowloris,Malware,DoS,Slowloris
Thursday-15-02-2018_449.pcap,tcp_31008,tcp,31008,Slowloris,Malware,DoS,Slowloris
Thursday-15-02-2018_449.pcap,tcp_31135,tcp,31135,Slowloris,Malware,DoS,Slowloris
Thursday-15-02-2018_449.pcap,tcp_32149,tcp,32149,Slowloris,Malware,DoS,Slowloris
Thursday-15-02-2018_449.pcap,tcp_29967,tcp,29967,Slowloris,Malware,DoS,Slowloris
Thursday-15-02-2018_449.pcap,tcp_29734,tcp,29734,Slowloris,Malware,DoS,Slowloris
Thursday-15-02-2018_449.pcap,tcp_32430,tcp,32430,Slowloris,Malware,DoS,Slowloris
Thursday-15-02-2018_449.pcap,tcp_28078,tcp,28078,Slowloris,Malware,DoS,Slowloris
Thursday-15-02-2018_449.pcap,tcp_30537,tcp,30537,Slowloris,Malware,DoS,Slowloris
Thursday-15-02-2018_449.pcap,tcp_33421,tcp,33421,Slowloris,Malware,DoS,Slowloris
Thursday-15-02-2018_449.pcap,tcp_33618,tcp,33618,Slowloris,Malware,DoS,Slowloris
Thursday-15-02-2018_449.pcap,tcp_30125,tcp,30125,Slowloris,Malware,DoS,Slowloris
Thursday-15-02-2018_449.pcap,tcp_30891,tcp,30891,Slowloris,Malware,DoS,Slowloris
Thursday-15-02-2018_449.pcap,tcp_30104,tcp,30104,Slowloris,Malware,DoS,Slowloris
Thursday-15-02-2018_449.pcap,tcp_30296,tcp,30296,Slowloris,Malware,DoS,Slowloris
Thursday-15-02-2018_449.pcap,tcp_28554,tcp,28554,Slowloris,Malware,DoS,Slowloris
Thursday-15-02-2018_449.pcap,tcp_29665,tcp,29665,Slowloris,Malware,DoS,Slowloris
Thursday-15-02-2018_449.pcap,tcp_32227,tcp,32227,Slowloris,Malware,DoS,Slowloris
Thursday-15-02-2018_449.pcap,tcp_29041,tcp,29041,Slowloris,Malware,DoS,Slowloris
Thursday-15-02-2018_449.pcap,tcp_32908,tcp,32908,Slowloris,Malware,DoS,Slowloris
Thursday-15-02-2018_449.pcap,tcp_34066,tcp,34066,Slowloris,Malware,DoS,Slowloris
Thursday-15-02-2018_449.pcap,tcp_28407,tcp,28407,Slowloris,Malware,DoS,Slowloris
Thursday-15-02-2018_449.pcap,tcp_28441,tcp,28441,Slowloris,Malware,DoS,Slowloris
Thursday-15-02-2018_449.pcap,tcp_29696,tcp,29696,Slowloris,Malware,DoS,Slowloris
Thursday-15-02-2018_449.pcap,tcp_31688,tcp,31688,Slowloris,Malware,DoS,Slowloris
Thursday-15-02-2018_449.pcap,tcp_28331,tcp,28331,Slowloris,Malware,DoS,Slowloris
Thursday-15-02-2018_449.pcap,tcp_27512,tcp,27512,Slowloris,Malware,DoS,Slowloris
Thursday-15-02-2018_449.pcap,tcp_33962,tcp,33962,Slowloris,Malware,DoS,Slowloris
Thursday-15-02-2018_449.pcap,tcp_34233,tcp,34233,Slowloris,Malware,DoS,Slowloris
Thursday-15-02-2018_449.pcap,tcp_32507,tcp,32507,Slowloris,Malware,DoS,Slowloris
Thursday-15-02-2018_449.pcap,tcp_27271,tcp,27271,Slowloris,Malware,DoS,Slowloris
Thursday-15-02-2018_449.pcap,tcp_33743,tcp,33743,Slowloris,Malware,DoS,Slowloris
Thursday-15-02-2018_449.pcap,tcp_30929,tcp,30929,Slowloris,Malware,DoS,Slowloris
Thursday-15-02-2018_449.pcap,tcp_28301,tcp,28301,Slowloris,Malware,DoS,Slowloris
Thursday-15-02-2018_449.pcap,tcp_32252,tcp,32252,Slowloris,Malware,DoS,Slowloris
Thursday-15-02-2018_449.pcap,tcp_32498,tcp,32498,Slowloris,Malware,DoS,Slowloris
Thursday-15-02-2018_449.pcap,tcp_27298,tcp,27298,Slowloris,Malware,DoS,Slowloris
Thursday-15-02-2018_449.pcap,tcp_34290,tcp,34290,Slowloris,Malware,DoS,Slowloris
Thursday-15-02-2018_449.pcap,tcp_30927,tcp,30927,Slowloris,Malware,DoS,Slowloris
Thursday-15-02-2018_449.pcap,tcp_31822,tcp,31822,Slowloris,Malware,DoS,Slowloris
Thursday-15-02-2018_449.pcap,tcp_30556,tcp,30556,Slowloris,Malware,DoS,Slowloris
Thursday-15-02-2018_449.pcap,tcp_32488,tcp,32488,Slowloris,Malware,DoS,Slowloris
Thursday-15-02-2018_449.pcap,tcp_29755,tcp,29755,Slowloris,Malware,DoS,Slowloris
Thursday-15-02-2018_449.pcap,tcp_32925,tcp,32925,Slowloris,Malware,DoS,Slowloris
Thursday-15-02-2018_449.pcap,tcp_29530,tcp,29530,Slowloris,Malware,DoS,Slowloris
Thursday-15-02-2018_449.pcap,tcp_28935,tcp,28935,Slowloris,Malware,DoS,Slowloris
Thursday-15-02-2018_449.pcap,tcp_30078,tcp,30078,Slowloris,Malware,DoS,Slowloris
Thursday-15-02-2018_449.pcap,tcp_29415,tcp,29415,Slowloris,Malware,DoS,Slowloris
Thursday-15-02-2018_449.pcap,tcp_30620,tcp,30620,Slowloris,Malware,DoS,Slowloris
Thursday-15-02-2018_449.pcap,tcp_31845,tcp,31845,Slowloris,Malware,DoS,Slowloris
Thursday-15-02-2018_449.pcap,tcp_32467,tcp,32467,Slowloris,Malware,DoS,Slowloris
Thursday-15-02-2018_449.pcap,tcp_32172,tcp,32172,Slowloris,Malware,DoS,Slowloris
Thursday-15-02-2018_449.pcap,tcp_31086,tcp,31086,Slowloris,Malware,DoS,Slowloris
Thursday-15-02-2018_449.pcap,tcp_29387,tcp,29387,Slowloris,Malware,DoS,Slowloris
Thursday-15-02-2018_449.pcap,tcp_32472,tcp,32472,Slowloris,Malware,DoS,Slowloris
Thursday-15-02-2018_449.pcap,tcp_27499,tcp,27499,Slowloris,Malware,DoS,Slowloris
Thursday-15-02-2018_449.pcap,tcp_33465,tcp,33465,Slowloris,Malware,DoS,Slowloris
Thursday-15-02-2018_449.pcap,tcp_28853,tcp,28853,Slowloris,Malware,DoS,Slowloris
Thursday-15-02-2018_449.pcap,tcp_30506,tcp,30506,Slowloris,Malware,DoS,Slowloris
Thursday-15-02-2018_449.pcap,tcp_29155,tcp,29155,Slowloris,Malware,DoS,Slowloris
Thursday-15-02-2018_449.pcap,tcp_28480,tcp,28480,Slowloris,Malware,DoS,Slowloris
Thursday-15-02-2018_449.pcap,tcp_32988,tcp,32988,Slowloris,Malware,DoS,Slowloris
Thursday-15-02-2018_449.pcap,tcp_27351,tcp,27351,Slowloris,Malware,DoS,Slowloris
Thursday-15-02-2018_449.pcap,tcp_31360,tcp,31360,Slowloris,Malware,DoS,Slowloris
Thursday-15-02-2018_449.pcap,tcp_31152,tcp,31152,Slowloris,Malware,DoS,Slowloris
Thursday-15-02-2018_449.pcap,tcp_31473,tcp,31473,Slowloris,Malware,DoS,Slowloris
Thursday-15-02-2018_449.pcap,tcp_29883,tcp,29883,Slowloris,Malware,DoS,Slowloris
Thursday-15-02-2018_449.pcap,tcp_33547,tcp,33547,Slowloris,Malware,DoS,Slowloris
Thursday-15-02-2018_449.pcap,tcp_31594,tcp,31594,Slowloris,Malware,DoS,Slowloris
Thursday-15-02-2018_449.pcap,tcp_29914,tcp,29914,Slowloris,Malware,DoS,Slowloris
Thursday-15-02-2018_449.pcap,tcp_28209,tcp,28209,Slowloris,Malware,DoS,Slowloris
Thursday-15-02-2018_449.pcap,tcp_32332,tcp,32332,Slowloris,Malware,DoS,Slowloris
Thursday-15-02-2018_449.pcap,tcp_28629,tcp,28629,Slowloris,Malware,DoS,Slowloris
Thursday-15-02-2018_449.pcap,tcp_32678,tcp,32678,Slowloris,Malware,DoS,Slowloris
Thursday-15-02-2018_449.pcap,tcp_29080,tcp,29080,Slowloris,Malware,DoS,Slowloris
Thursday-15-02-2018_449.pcap,tcp_30666,tcp,30666,Slowloris,Malware,DoS,Slowloris
Thursday-15-02-2018_449.pcap,tcp_27971,tcp,27971,Slowloris,Malware,DoS,Slowloris
Thursday-15-02-2018_449.pcap,tcp_33651,tcp,33651,Slowloris,Malware,DoS,Slowloris
Thursday-15-02-2018_449.pcap,tcp_31545,tcp,31545,Slowloris,Malware,DoS,Slowloris
Thursday-15-02-2018_449.pcap,tcp_29898,tcp,29898,Slowloris,Malware,DoS,Slowloris
Thursday-15-02-2018_449.pcap,tcp_29874,tcp,29874,Slowloris,Malware,DoS,Slowloris
Thursday-15-02-2018_449.pcap,tcp_31646,tcp,31646,Slowloris,Malware,DoS,Slowloris
Thursday-15-02-2018_449.pcap,tcp_33950,tcp,33950,Slowloris,Malware,DoS,Slowloris
Thursday-15-02-2018_449.pcap,tcp_28225,tcp,28225,Slowloris,Malware,DoS,Slowloris
Thursday-15-02-2018_449.pcap,tcp_29425,tcp,29425,Slowloris,Malware,DoS,Slowloris
Thursday-15-02-2018_449.pcap,tcp_31492,tcp,31492,Slowloris,Malware,DoS,Slowloris
Thursday-15-02-2018_449.pcap,tcp_27381,tcp,27381,Slowloris,Malware,DoS,Slowloris
Thursday-15-02-2018_449.pcap,tcp_30637,tcp,30637,Slowloris,Malware,DoS,Slowloris
Thursday-15-02-2018_449.pcap,tcp_30129,tcp,30129,Slowloris,Malware,DoS,Slowloris
Thursday-15-02-2018_449.pcap,tcp_33951,tcp,33951,Slowloris,Malware,DoS,Slowloris
Thursday-15-02-2018_449.pcap,tcp_31682,tcp,31682,Slowloris,Malware,DoS,Slowloris
Thursday-15-02-2018_449.pcap,tcp_27347,tcp,27347,Slowloris,Malware,DoS,Slowloris
Thursday-15-02-2018_449.pcap,tcp_28921,tcp,28921,Slowloris,Malware,DoS,Slowloris
Thursday-15-02-2018_449.pcap,tcp_31202,tcp,31202,Slowloris,Malware,DoS,Slowloris
Thursday-15-02-2018_449.pcap,tcp_27452,tcp,27452,Slowloris,Malware,DoS,Slowloris
Thursday-15-02-2018_449.pcap,tcp_33289,tcp,33289,Slowloris,Malware,DoS,Slowloris
Thursday-15-02-2018_449.pcap,tcp_28446,tcp,28446,Slowloris,Malware,DoS,Slowloris
Thursday-15-02-2018_449.pcap,tcp_27972,tcp,27972,Slowloris,Malware,DoS,Slowloris
Thursday-15-02-2018_449.pcap,tcp_29060,tcp,29060,Slowloris,Malware,DoS,Slowloris
Thursday-15-02-2018_449.pcap,tcp_30623,tcp,30623,Slowloris,Malware,DoS,Slowloris
Thursday-15-02-2018_449.pcap,tcp_27795,tcp,27795,Slowloris,Malware,DoS,Slowloris
Thursday-15-02-2018_449.pcap,tcp_31935,tcp,31935,Slowloris,Malware,DoS,Slowloris
Thursday-15-02-2018_449.pcap,tcp_31892,tcp,31892,Slowloris,Malware,DoS,Slowloris
Thursday-15-02-2018_449.pcap,tcp_28887,tcp,28887,Slowloris,Malware,DoS,Slowloris
Thursday-15-02-2018_449.pcap,tcp_30071,tcp,30071,Slowloris,Malware,DoS,Slowloris
Thursday-15-02-2018_449.pcap,tcp_33713,tcp,33713,Slowloris,Malware,DoS,Slowloris
Thursday-15-02-2018_449.pcap,tcp_34143,tcp,34143,Slowloris,Malware,DoS,Slowloris
Thursday-15-02-2018_449.pcap,tcp_28678,tcp,28678,Slowloris,Malware,DoS,Slowloris
Thursday-15-02-2018_449.pcap,tcp_32942,tcp,32942,Slowloris,Malware,DoS,Slowloris
Thursday-15-02-2018_449.pcap,tcp_32916,tcp,32916,Slowloris,Malware,DoS,Slowloris
Thursday-15-02-2018_449.pcap,tcp_34203,tcp,34203,Slowloris,Malware,DoS,Slowloris
Thursday-15-02-2018_449.pcap,tcp_34057,tcp,34057,Slowloris,Malware,DoS,Slowloris
Thursday-15-02-2018_449.pcap,tcp_31590,tcp,31590,Slowloris,Malware,DoS,Slowloris
Thursday-15-02-2018_449.pcap,tcp_30708,tcp,30708,Slowloris,Malware,DoS,Slowloris
Thursday-15-02-2018_449.pcap,tcp_33409,tcp,33409,Slowloris,Malware,DoS,Slowloris
Thursday-15-02-2018_449.pcap,tcp_32385,tcp,32385,Slowloris,Malware,DoS,Slowloris
Thursday-15-02-2018_449.pcap,tcp_31126,tcp,31126,Slowloris,Malware,DoS,Slowloris
Thursday-15-02-2018_449.pcap,tcp_27343,tcp,27343,Slowloris,Malware,DoS,Slowloris
Thursday-15-02-2018_449.pcap,tcp_31314,tcp,31314,Slowloris,Malware,DoS,Slowloris
Thursday-15-02-2018_449.pcap,tcp_28517,tcp,28517,Slowloris,Malware,DoS,Slowloris
Thursday-15-02-2018_449.pcap,tcp_32379,tcp,32379,Slowloris,Malware,DoS,Slowloris
Thursday-15-02-2018_449.pcap,tcp_29564,tcp,29564,Slowloris,Malware,DoS,Slowloris
Thursday-15-02-2018_449.pcap,tcp_31576,tcp,31576,Slowloris,Malware,DoS,Slowloris
Thursday-15-02-2018_449.pcap,tcp_28967,tcp,28967,Slowloris,Malware,DoS,Slowloris
Thursday-15-02-2018_449.pcap,tcp_31703,tcp,31703,Slowloris,Malware,DoS,Slowloris
Thursday-15-02-2018_449.pcap,tcp_30261,tcp,30261,Slowloris,Malware,DoS,Slowloris
Thursday-15-02-2018_449.pcap,tcp_33189,tcp,33189,Slowloris,Malware,DoS,Slowloris
Thursday-15-02-2018_449.pcap,tcp_32961,tcp,32961,Slowloris,Malware,DoS,Slowloris
Thursday-15-02-2018_449.pcap,tcp_34169,tcp,34169,Slowloris,Malware,DoS,Slowloris
Thursday-15-02-2018_449.pcap,tcp_30969,tcp,30969,Slowloris,Malware,DoS,Slowloris
Thursday-15-02-2018_449.pcap,tcp_30769,tcp,30769,Slowloris,Malware,DoS,Slowloris
Thursday-15-02-2018_449.pcap,tcp_27552,tcp,27552,Slowloris,Malware,DoS,Slowloris
Thursday-15-02-2018_449.pcap,tcp_27390,tcp,27390,Slowloris,Malware,DoS,Slowloris
Thursday-15-02-2018_449.pcap,tcp_29629,tcp,29629,Slowloris,Malware,DoS,Slowloris
Thursday-15-02-2018_449.pcap,tcp_34089,tcp,34089,Slowloris,Malware,DoS,Slowloris
Thursday-15-02-2018_449.pcap,tcp_31873,tcp,31873,Slowloris,Malware,DoS,Slowloris
Thursday-15-02-2018_449.pcap,tcp_30481,tcp,30481,Slowloris,Malware,DoS,Slowloris
Thursday-15-02-2018_449.pcap,tcp_28583,tcp,28583,Slowloris,Malware,DoS,Slowloris
Thursday-15-02-2018_449.pcap,tcp_28840,tcp,28840,Slowloris,Malware,DoS,Slowloris
Thursday-15-02-2018_449.pcap,tcp_32789,tcp,32789,Slowloris,Malware,DoS,Slowloris
Thursday-15-02-2018_449.pcap,tcp_28264,tcp,28264,Slowloris,Malware,DoS,Slowloris
Thursday-15-02-2018_449.pcap,tcp_31265,tcp,31265,Slowloris,Malware,DoS,Slowloris
Thursday-15-02-2018_449.pcap,tcp_30059,tcp,30059,Slowloris,Malware,DoS,Slowloris
Thursday-15-02-2018_449.pcap,tcp_30399,tcp,30399,Slowloris,Malware,DoS,Slowloris
Thursday-15-02-2018_449.pcap,tcp_27633,tcp,27633,Slowloris,Malware,DoS,Slowloris
Thursday-15-02-2018_449.pcap,tcp_29364,tcp,29364,Slowloris,Malware,DoS,Slowloris
Thursday-15-02-2018_449.pcap,tcp_28809,tcp,28809,Slowloris,Malware,DoS,Slowloris
Thursday-15-02-2018_449.pcap,tcp_28513,tcp,28513,Slowloris,Malware,DoS,Slowloris
Thursday-15-02-2018_449.pcap,tcp_28068,tcp,28068,Slowloris,Malware,DoS,Slowloris
Thursday-15-02-2018_449.pcap,tcp_27416,tcp,27416,Slowloris,Malware,DoS,Slowloris
Thursday-15-02-2018_449.pcap,tcp_27599,tcp,27599,Slowloris,Malware,DoS,Slowloris
Thursday-15-02-2018_449.pcap,tcp_28463,tcp,28463,Slowloris,Malware,DoS,Slowloris
Thursday-15-02-2018_449.pcap,tcp_29239,tcp,29239,Slowloris,Malware,DoS,Slowloris
Thursday-15-02-2018_449.pcap,tcp_28499,tcp,28499,Slowloris,Malware,DoS,Slowloris
Thursday-15-02-2018_449.pcap,tcp_29991,tcp,29991,Slowloris,Malware,DoS,Slowloris
Thursday-15-02-2018_449.pcap,tcp_27710,tcp,27710,Slowloris,Malware,DoS,Slowloris
Thursday-15-02-2018_449.pcap,tcp_29525,tcp,29525,Slowloris,Malware,DoS,Slowloris
Thursday-15-02-2018_449.pcap,tcp_29549,tcp,29549,Slowloris,Malware,DoS,Slowloris
Thursday-15-02-2018_449.pcap,tcp_28502,tcp,28502,Slowloris,Malware,DoS,Slowloris
Thursday-15-02-2018_449.pcap,tcp_27774,tcp,27774,Slowloris,Malware,DoS,Slowloris
Thursday-15-02-2018_449.pcap,tcp_29923,tcp,29923,Slowloris,Malware,DoS,Slowloris
Thursday-15-02-2018_449.pcap,tcp_28573,tcp,28573,Slowloris,Malware,DoS,Slowloris
Thursday-15-02-2018_449.pcap,tcp_30591,tcp,30591,Slowloris,Malware,DoS,Slowloris
Thursday-15-02-2018_449.pcap,tcp_28205,tcp,28205,Slowloris,Malware,DoS,Slowloris
Thursday-15-02-2018_449.pcap,tcp_27576,tcp,27576,Slowloris,Malware,DoS,Slowloris
Thursday-15-02-2018_449.pcap,tcp_28866,tcp,28866,Slowloris,Malware,DoS,Slowloris
Thursday-15-02-2018_449.pcap,tcp_28932,tcp,28932,Slowloris,Malware,DoS,Slowloris
Thursday-15-02-2018_449.pcap,tcp_28544,tcp,28544,Slowloris,Malware,DoS,Slowloris
Thursday-15-02-2018_449.pcap,tcp_27793,tcp,27793,Slowloris,Malware,DoS,Slowloris
Thursday-15-02-2018_449.pcap,tcp_29278,tcp,29278,Slowloris,Malware,DoS,Slowloris
Thursday-15-02-2018_449.pcap,tcp_30530,tcp,30530,Slowloris,Malware,DoS,Slowloris
Thursday-15-02-2018_449.pcap,tcp_29005,tcp,29005,Slowloris,Malware,DoS,Slowloris
Thursday-15-02-2018_449.pcap,tcp_29223,tcp,29223,Slowloris,Malware,DoS,Slowloris
Thursday-15-02-2018_449.pcap,tcp_27851,tcp,27851,Slowloris,Malware,DoS,Slowloris
Thursday-15-02-2018_449.pcap,tcp_29909,tcp,29909,Slowloris,Malware,DoS,Slowloris
Thursday-15-02-2018_449.pcap,tcp_29934,tcp,29934,Slowloris,Malware,DoS,Slowloris
Thursday-15-02-2018_449.pcap,tcp_28019,tcp,28019,Slowloris,Malware,DoS,Slowloris
Thursday-15-02-2018_449.pcap,tcp_28315,tcp,28315,Slowloris,Malware,DoS,Slowloris
Thursday-15-02-2018_449.pcap,tcp_30611,tcp,30611,Slowloris,Malware,DoS,Slowloris
Thursday-15-02-2018_449.pcap,tcp_29753,tcp,29753,Slowloris,Malware,DoS,Slowloris
Thursday-15-02-2018_449.pcap,tcp_30499,tcp,30499,Slowloris,Malware,DoS,Slowloris
Thursday-15-02-2018_449.pcap,tcp_30520,tcp,30520,Slowloris,Malware,DoS,Slowloris
Thursday-15-02-2018_449.pcap,tcp_27703,tcp,27703,Slowloris,Malware,DoS,Slowloris
Thursday-15-02-2018_449.pcap,tcp_30628,tcp,30628,Slowloris,Malware,DoS,Slowloris
Thursday-15-02-2018_449.pcap,tcp_29790,tcp,29790,Slowloris,Malware,DoS,Slowloris
Thursday-15-02-2018_449.pcap,tcp_27937,tcp,27937,Slowloris,Malware,DoS,Slowloris
Thursday-15-02-2018_449.pcap,tcp_28574,tcp,28574,Slowloris,Malware,DoS,Slowloris
Thursday-15-02-2018_449.pcap,tcp_30562,tcp,30562,Slowloris,Malware,DoS,Slowloris
Thursday-15-02-2018_449.pcap,tcp_30376,tcp,30376,Slowloris,Malware,DoS,Slowloris
Thursday-15-02-2018_449.pcap,tcp_28273,tcp,28273,Slowloris,Malware,DoS,Slowloris
Thursday-15-02-2018_449.pcap,tcp_29426,tcp,29426,Slowloris,Malware,DoS,Slowloris
Thursday-15-02-2018_449.pcap,tcp_28012,tcp,28012,Slowloris,Malware,DoS,Slowloris
Thursday-15-02-2018_449.pcap,tcp_29399,tcp,29399,Slowloris,Malware,DoS,Slowloris
Thursday-15-02-2018_449.pcap,tcp_27645,tcp,27645,Slowloris,Malware,DoS,Slowloris
Thursday-15-02-2018_449.pcap,tcp_28584,tcp,28584,Slowloris,Malware,DoS,Slowloris
Thursday-15-02-2018_449.pcap,tcp_27604,tcp,27604,Slowloris,Malware,DoS,Slowloris
Thursday-15-02-2018_449.pcap,tcp_29271,tcp,29271,Slowloris,Malware,DoS,Slowloris
Thursday-15-02-2018_449.pcap,tcp_28807,tcp,28807,Slowloris,Malware,DoS,Slowloris
Thursday-15-02-2018_449.pcap,tcp_27657,tcp,27657,Slowloris,Malware,DoS,Slowloris
Thursday-15-02-2018_449.pcap,tcp_29418,tcp,29418,Slowloris,Malware,DoS,Slowloris
Thursday-15-02-2018_449.pcap,tcp_28053,tcp,28053,Slowloris,Malware,DoS,Slowloris
Thursday-15-02-2018_449.pcap,tcp_27671,tcp,27671,Slowloris,Malware,DoS,Slowloris
Thursday-15-02-2018_449.pcap,tcp_27808,tcp,27808,Slowloris,Malware,DoS,Slowloris
Thursday-15-02-2018_449.pcap,tcp_30450,tcp,30450,Slowloris,Malware,DoS,Slowloris
Thursday-15-02-2018_449.pcap,tcp_28733,tcp,28733,Slowloris,Malware,DoS,Slowloris
Thursday-15-02-2018_449.pcap,tcp_30615,tcp,30615,Slowloris,Malware,DoS,Slowloris
Thursday-15-02-2018_449.pcap,tcp_28389,tcp,28389,Slowloris,Malware,DoS,Slowloris
Thursday-15-02-2018_449.pcap,tcp_29779,tcp,29779,Slowloris,Malware,DoS,Slowloris
Thursday-15-02-2018_449.pcap,tcp_28646,tcp,28646,Slowloris,Malware,DoS,Slowloris
Thursday-15-02-2018_449.pcap,tcp_27847,tcp,27847,Slowloris,Malware,DoS,Slowloris
Thursday-15-02-2018_449.pcap,tcp_28835,tcp,28835,Slowloris,Malware,DoS,Slowloris
Thursday-15-02-2018_449.pcap,tcp_27557,tcp,27557,Slowloris,Malware,DoS,Slowloris
Thursday-15-02-2018_449.pcap,tcp_27777,tcp,27777,Slowloris,Malware,DoS,Slowloris
Thursday-15-02-2018_449.pcap,tcp_29427,tcp,29427,Slowloris,Malware,DoS,Slowloris
Thursday-15-02-2018_449.pcap,tcp_28197,tcp,28197,Slowloris,Malware,DoS,Slowloris
Thursday-15-02-2018_449.pcap,tcp_27408,tcp,27408,Slowloris,Malware,DoS,Slowloris
Thursday-15-02-2018_449.pcap,tcp_29332,tcp,29332,Slowloris,Malware,DoS,Slowloris
Thursday-15-02-2018_449.pcap,tcp_30242,tcp,30242,Slowloris,Malware,DoS,Slowloris
Thursday-15-02-2018_449.pcap,tcp_29501,tcp,29501,Slowloris,Malware,DoS,Slowloris
Thursday-15-02-2018_449.pcap,tcp_27825,tcp,27825,Slowloris,Malware,DoS,Slowloris
Thursday-15-02-2018_449.pcap,tcp_30533,tcp,30533,Slowloris,Malware,DoS,Slowloris
Thursday-15-02-2018_449.pcap,tcp_28058,tcp,28058,Slowloris,Malware,DoS,Slowloris
Thursday-15-02-2018_449.pcap,tcp_27955,tcp,27955,Slowloris,Malware,DoS,Slowloris
Thursday-15-02-2018_449.pcap,tcp_28162,tcp,28162,Slowloris,Malware,DoS,Slowloris
Thursday-15-02-2018_449.pcap,tcp_29574,tcp,29574,Slowloris,Malware,DoS,Slowloris
Thursday-15-02-2018_449.pcap,tcp_27908,tcp,27908,Slowloris,Malware,DoS,Slowloris
Thursday-15-02-2018_449.pcap,tcp_27707,tcp,27707,Slowloris,Malware,DoS,Slowloris
Thursday-15-02-2018_449.pcap,tcp_30582,tcp,30582,Slowloris,Malware,DoS,Slowloris
Thursday-15-02-2018_449.pcap,tcp_27414,tcp,27414,Slowloris,Malware,DoS,Slowloris
Thursday-15-02-2018_449.pcap,tcp_29316,tcp,29316,Slowloris,Malware,DoS,Slowloris
Thursday-15-02-2018_449.pcap,tcp_28793,tcp,28793,Slowloris,Malware,DoS,Slowloris
Thursday-15-02-2018_449.pcap,tcp_27433,tcp,27433,Slowloris,Malware,DoS,Slowloris
Thursday-15-02-2018_449.pcap,tcp_28803,tcp,28803,Slowloris,Malware,DoS,Slowloris
Thursday-15-02-2018_449.pcap,tcp_30141,tcp,30141,Slowloris,Malware,DoS,Slowloris
Thursday-15-02-2018_449.pcap,tcp_27907,tcp,27907,Slowloris,Malware,DoS,Slowloris
Thursday-15-02-2018_449.pcap,tcp_27889,tcp,27889,Slowloris,Malware,DoS,Slowloris
Thursday-15-02-2018_449.pcap,tcp_27585,tcp,27585,Slowloris,Malware,DoS,Slowloris
Thursday-15-02-2018_449.pcap,tcp_28122,tcp,28122,Slowloris,Malware,DoS,Slowloris
Thursday-15-02-2018_449.pcap,tcp_28601,tcp,28601,Slowloris,Malware,DoS,Slowloris
Thursday-15-02-2018_449.pcap,tcp_27794,tcp,27794,Slowloris,Malware,DoS,Slowloris
Thursday-15-02-2018_449.pcap,tcp_27843,tcp,27843,Slowloris,Malware,DoS,Slowloris
Thursday-15-02-2018_449.pcap,tcp_30181,tcp,30181,Slowloris,Malware,DoS,Slowloris
Thursday-15-02-2018_449.pcap,tcp_27885,tcp,27885,Slowloris,Malware,DoS,Slowloris
Thursday-15-02-2018_449.pcap,tcp_28154,tcp,28154,Slowloris,Malware,DoS,Slowloris
Thursday-15-02-2018_449.pcap,tcp_27720,tcp,27720,Slowloris,Malware,DoS,Slowloris
Thursday-15-02-2018_449.pcap,tcp_29473,tcp,29473,Slowloris,Malware,DoS,Slowloris
Thursday-15-02-2018_449.pcap,tcp_29265,tcp,29265,Slowloris,Malware,DoS,Slowloris
Thursday-15-02-2018_449.pcap,tcp_28673,tcp,28673,Slowloris,Malware,DoS,Slowloris
Thursday-15-02-2018_449.pcap,tcp_27729,tcp,27729,Slowloris,Malware,DoS,Slowloris
Thursday-15-02-2018_449.pcap,tcp_29804,tcp,29804,Slowloris,Malware,DoS,Slowloris
Thursday-15-02-2018_449.pcap,tcp_29400,tcp,29400,Slowloris,Malware,DoS,Slowloris
Thursday-15-02-2018_449.pcap,tcp_30319,tcp,30319,Slowloris,Malware,DoS,Slowloris
Thursday-15-02-2018_449.pcap,tcp_28287,tcp,28287,Slowloris,Malware,DoS,Slowloris
Thursday-15-02-2018_449.pcap,tcp_28270,tcp,28270,Slowloris,Malware,DoS,Slowloris
Thursday-15-02-2018_449.pcap,tcp_28007,tcp,28007,Slowloris,Malware,DoS,Slowloris
Thursday-15-02-2018_449.pcap,tcp_27781,tcp,27781,Slowloris,Malware,DoS,Slowloris
Thursday-15-02-2018_449.pcap,tcp_27732,tcp,27732,Slowloris,Malware,DoS,Slowloris
Thursday-15-02-2018_449.pcap,tcp_29392,tcp,29392,Slowloris,Malware,DoS,Slowloris
Thursday-15-02-2018_449.pcap,tcp_28039,tcp,28039,Slowloris,Malware,DoS,Slowloris
Thursday-15-02-2018_449.pcap,tcp_27803,tcp,27803,Slowloris,Malware,DoS,Slowloris
Thursday-15-02-2018_449.pcap,tcp_29447,tcp,29447,Slowloris,Malware,DoS,Slowloris
Thursday-15-02-2018_449.pcap,tcp_27418,tcp,27418,Slowloris,Malware,DoS,Slowloris
Thursday-15-02-2018_449.pcap,tcp_27734,tcp,27734,Slowloris,Malware,DoS,Slowloris
Thursday-15-02-2018_449.pcap,tcp_29335,tcp,29335,Slowloris,Malware,DoS,Slowloris
Thursday-15-02-2018_449.pcap,tcp_28725,tcp,28725,Slowloris,Malware,DoS,Slowloris
Thursday-15-02-2018_449.pcap,tcp_29343,tcp,29343,Slowloris,Malware,DoS,Slowloris
Thursday-15-02-2018_449.pcap,tcp_30613,tcp,30613,Slowloris,Malware,DoS,Slowloris
Thursday-15-02-2018_449.pcap,tcp_30068,tcp,30068,Slowloris,Malware,DoS,Slowloris
Thursday-15-02-2018_449.pcap,tcp_28084,tcp,28084,Slowloris,Malware,DoS,Slowloris
Thursday-15-02-2018_449.pcap,tcp_28974,tcp,28974,Slowloris,Malware,DoS,Slowloris
Thursday-15-02-2018_449.pcap,tcp_28880,tcp,28880,Slowloris,Malware,DoS,Slowloris
Thursday-15-02-2018_449.pcap,tcp_30372,tcp,30372,Slowloris,Malware,DoS,Slowloris
Thursday-15-02-2018_449.pcap,tcp_29896,tcp,29896,Slowloris,Malware,DoS,Slowloris
Thursday-15-02-2018_449.pcap,tcp_27753,tcp,27753,Slowloris,Malware,DoS,Slowloris
Thursday-15-02-2018_449.pcap,tcp_29822,tcp,29822,Slowloris,Malware,DoS,Slowloris
Thursday-15-02-2018_449.pcap,tcp_30466,tcp,30466,Slowloris,Malware,DoS,Slowloris
Thursday-15-02-2018_449.pcap,tcp_30030,tcp,30030,Slowloris,Malware,DoS,Slowloris
Thursday-15-02-2018_449.pcap,tcp_28101,tcp,28101,Slowloris,Malware,DoS,Slowloris
Thursday-15-02-2018_449.pcap,tcp_27586,tcp,27586,Slowloris,Malware,DoS,Slowloris
Thursday-15-02-2018_449.pcap,tcp_29373,tcp,29373,Slowloris,Malware,DoS,Slowloris
Thursday-15-02-2018_449.pcap,tcp_28076,tcp,28076,Slowloris,Malware,DoS,Slowloris
Thursday-15-02-2018_449.pcap,tcp_29076,tcp,29076,Slowloris,Malware,DoS,Slowloris
Thursday-15-02-2018_449.pcap,tcp_27780,tcp,27780,Slowloris,Malware,DoS,Slowloris
Thursday-15-02-2018_449.pcap,tcp_30154,tcp,30154,Slowloris,Malware,DoS,Slowloris
Thursday-15-02-2018_449.pcap,tcp_28721,tcp,28721,Slowloris,Malware,DoS,Slowloris
Thursday-15-02-2018_449.pcap,tcp_30503,tcp,30503,Slowloris,Malware,DoS,Slowloris
Thursday-15-02-2018_449.pcap,tcp_27596,tcp,27596,Slowloris,Malware,DoS,Slowloris
Thursday-15-02-2018_449.pcap,tcp_30409,tcp,30409,Slowloris,Malware,DoS,Slowloris
Thursday-15-02-2018_449.pcap,tcp_29279,tcp,29279,Slowloris,Malware,DoS,Slowloris
Thursday-15-02-2018_449.pcap,tcp_27624,tcp,27624,Slowloris,Malware,DoS,Slowloris
Thursday-15-02-2018_449.pcap,tcp_27974,tcp,27974,Slowloris,Malware,DoS,Slowloris
Thursday-15-02-2018_449.pcap,tcp_30014,tcp,30014,Slowloris,Malware,DoS,Slowloris
Thursday-15-02-2018_449.pcap,tcp_30358,tcp,30358,Slowloris,Malware,DoS,Slowloris
Thursday-15-02-2018_449.pcap,tcp_29412,tcp,29412,Slowloris,Malware,DoS,Slowloris
Thursday-15-02-2018_449.pcap,tcp_28077,tcp,28077,Slowloris,Malware,DoS,Slowloris
Thursday-15-02-2018_449.pcap,tcp_29405,tcp,29405,Slowloris,Malware,DoS,Slowloris
Thursday-15-02-2018_449.pcap,tcp_29118,tcp,29118,Slowloris,Malware,DoS,Slowloris
Thursday-15-02-2018_449.pcap,tcp_28289,tcp,28289,Slowloris,Malware,DoS,Slowloris
Thursday-15-02-2018_449.pcap,tcp_28598,tcp,28598,Slowloris,Malware,DoS,Slowloris
Thursday-15-02-2018_449.pcap,tcp_28614,tcp,28614,Slowloris,Malware,DoS,Slowloris
Thursday-15-02-2018_449.pcap,tcp_27859,tcp,27859,Slowloris,Malware,DoS,Slowloris
Thursday-15-02-2018_449.pcap,tcp_27584,tcp,27584,Slowloris,Malware,DoS,Slowloris
Thursday-15-02-2018_449.pcap,tcp_28788,tcp,28788,Slowloris,Malware,DoS,Slowloris
Thursday-15-02-2018_449.pcap,tcp_29386,tcp,29386,Slowloris,Malware,DoS,Slowloris
Thursday-15-02-2018_449.pcap,tcp_30348,tcp,30348,Slowloris,Malware,DoS,Slowloris
Thursday-15-02-2018_449.pcap,tcp_28515,tcp,28515,Slowloris,Malware,DoS,Slowloris
Thursday-15-02-2018_449.pcap,tcp_30578,tcp,30578,Slowloris,Malware,DoS,Slowloris
Thursday-15-02-2018_449.pcap,tcp_28605,tcp,28605,Slowloris,Malware,DoS,Slowloris
Thursday-15-02-2018_449.pcap,tcp_28740,tcp,28740,Slowloris,Malware,DoS,Slowloris
Thursday-15-02-2018_449.pcap,tcp_28952,tcp,28952,Slowloris,Malware,DoS,Slowloris
Thursday-15-02-2018_449.pcap,tcp_29523,tcp,29523,Slowloris,Malware,DoS,Slowloris
Thursday-15-02-2018_449.pcap,tcp_30299,tcp,30299,Slowloris,Malware,DoS,Slowloris
Thursday-15-02-2018_449.pcap,tcp_29955,tcp,29955,Slowloris,Malware,DoS,Slowloris
Thursday-15-02-2018_449.pcap,tcp_28580,tcp,28580,Slowloris,Malware,DoS,Slowloris
Thursday-15-02-2018_449.pcap,tcp_28177,tcp,28177,Slowloris,Malware,DoS,Slowloris
Thursday-15-02-2018_449.pcap,tcp_27741,tcp,27741,Slowloris,Malware,DoS,Slowloris
Thursday-15-02-2018_449.pcap,tcp_27828,tcp,27828,Slowloris,Malware,DoS,Slowloris
Thursday-15-02-2018_449.pcap,tcp_27680,tcp,27680,Slowloris,Malware,DoS,Slowloris
Thursday-15-02-2018_449.pcap,tcp_29900,tcp,29900,Slowloris,Malware,DoS,Slowloris
Thursday-15-02-2018_449.pcap,tcp_27693,tcp,27693,Slowloris,Malware,DoS,Slowloris
Thursday-15-02-2018_449.pcap,tcp_30489,tcp,30489,Slowloris,Malware,DoS,Slowloris
Thursday-15-02-2018_449.pcap,tcp_30127,tcp,30127,Slowloris,Malware,DoS,Slowloris
Thursday-15-02-2018_449.pcap,tcp_27813,tcp,27813,Slowloris,Malware,DoS,Slowloris
Thursday-15-02-2018_449.pcap,tcp_27406,tcp,27406,Slowloris,Malware,DoS,Slowloris
Thursday-15-02-2018_449.pcap,tcp_29472,tcp,29472,Slowloris,Malware,DoS,Slowloris
Thursday-15-02-2018_449.pcap,tcp_27723,tcp,27723,Slowloris,Malware,DoS,Slowloris
Thursday-15-02-2018_449.pcap,tcp_30053,tcp,30053,Slowloris,Malware,DoS,Slowloris
Thursday-15-02-2018_449.pcap,tcp_29510,tcp,29510,Slowloris,Malware,DoS,Slowloris
Thursday-15-02-2018_449.pcap,tcp_28697,tcp,28697,Slowloris,Malware,DoS,Slowloris
Thursday-15-02-2018_449.pcap,tcp_28849,tcp,28849,Slowloris,Malware,DoS,Slowloris
Thursday-15-02-2018_449.pcap,tcp_28026,tcp,28026,Slowloris,Malware,DoS,Slowloris
Thursday-15-02-2018_449.pcap,tcp_29882,tcp,29882,Slowloris,Malware,DoS,Slowloris
Thursday-15-02-2018_449.pcap,tcp_30456,tcp,30456,Slowloris,Malware,DoS,Slowloris
Thursday-15-02-2018_449.pcap,tcp_28214,tcp,28214,Slowloris,Malware,DoS,Slowloris
Thursday-15-02-2018_449.pcap,tcp_28588,tcp,28588,Slowloris,Malware,DoS,Slowloris
Thursday-15-02-2018_449.pcap,tcp_28090,tcp,28090,Slowloris,Malware,DoS,Slowloris
Thursday-15-02-2018_449.pcap,tcp_28241,tcp,28241,Slowloris,Malware,DoS,Slowloris
Thursday-15-02-2018_449.pcap,tcp_29834,tcp,29834,Slowloris,Malware,DoS,Slowloris
Thursday-15-02-2018_449.pcap,tcp_30233,tcp,30233,Slowloris,Malware,DoS,Slowloris
Thursday-15-02-2018_449.pcap,tcp_30471,tcp,30471,Slowloris,Malware,DoS,Slowloris
Thursday-15-02-2018_449.pcap,tcp_27918,tcp,27918,Slowloris,Malware,DoS,Slowloris
Thursday-15-02-2018_449.pcap,tcp_29593,tcp,29593,Slowloris,Malware,DoS,Slowloris
Thursday-15-02-2018_449.pcap,tcp_29436,tcp,29436,Slowloris,Malware,DoS,Slowloris
Thursday-15-02-2018_449.pcap,tcp_29987,tcp,29987,Slowloris,Malware,DoS,Slowloris
Thursday-15-02-2018_449.pcap,tcp_27620,tcp,27620,Slowloris,Malware,DoS,Slowloris
Thursday-15-02-2018_449.pcap,tcp_28905,tcp,28905,Slowloris,Malware,DoS,Slowloris
Thursday-15-02-2018_449.pcap,tcp_29721,tcp,29721,Slowloris,Malware,DoS,Slowloris
Thursday-15-02-2018_449.pcap,tcp_30281,tcp,30281,Slowloris,Malware,DoS,Slowloris
Thursday-15-02-2018_449.pcap,tcp_30018,tcp,30018,Slowloris,Malware,DoS,Slowloris
Thursday-15-02-2018_449.pcap,tcp_28821,tcp,28821,Slowloris,Malware,DoS,Slowloris
Thursday-15-02-2018_449.pcap,tcp_29875,tcp,29875,Slowloris,Malware,DoS,Slowloris
Thursday-15-02-2018_449.pcap,tcp_28057,tcp,28057,Slowloris,Malware,DoS,Slowloris
Thursday-15-02-2018_449.pcap,tcp_27434,tcp,27434,Slowloris,Malware,DoS,Slowloris
Thursday-15-02-2018_449.pcap,tcp_29444,tcp,29444,Slowloris,Malware,DoS,Slowloris
Thursday-15-02-2018_449.pcap,tcp_30492,tcp,30492,Slowloris,Malware,DoS,Slowloris
Thursday-15-02-2018_449.pcap,tcp_29969,tcp,29969,Slowloris,Malware,DoS,Slowloris
Thursday-15-02-2018_449.pcap,tcp_29411,tcp,29411,Slowloris,Malware,DoS,Slowloris
Thursday-15-02-2018_449.pcap,tcp_28772,tcp,28772,Slowloris,Malware,DoS,Slowloris
Thursday-15-02-2018_449.pcap,tcp_29971,tcp,29971,Slowloris,Malware,DoS,Slowloris
Thursday-15-02-2018_449.pcap,tcp_28167,tcp,28167,Slowloris,Malware,DoS,Slowloris
Thursday-15-02-2018_449.pcap,tcp_29310,tcp,29310,Slowloris,Malware,DoS,Slowloris
Thursday-15-02-2018_449.pcap,tcp_28017,tcp,28017,Slowloris,Malware,DoS,Slowloris
Thursday-15-02-2018_449.pcap,tcp_30268,tcp,30268,Slowloris,Malware,DoS,Slowloris
Thursday-15-02-2018_449.pcap,tcp_30305,tcp,30305,Slowloris,Malware,DoS,Slowloris
Thursday-15-02-2018_449.pcap,tcp_30058,tcp,30058,Slowloris,Malware,DoS,Slowloris
Thursday-15-02-2018_449.pcap,tcp_28037,tcp,28037,Slowloris,Malware,DoS,Slowloris
Thursday-15-02-2018_449.pcap,tcp_27829,tcp,27829,Slowloris,Malware,DoS,Slowloris
Thursday-15-02-2018_449.pcap,tcp_27873,tcp,27873,Slowloris,Malware,DoS,Slowloris
Thursday-15-02-2018_449.pcap,tcp_28645,tcp,28645,Slowloris,Malware,DoS,Slowloris
Thursday-15-02-2018_449.pcap,tcp_28140,tcp,28140,Slowloris,Malware,DoS,Slowloris
Thursday-15-02-2018_449.pcap,tcp_30570,tcp,30570,Slowloris,Malware,DoS,Slowloris
Thursday-15-02-2018_449.pcap,tcp_28119,tcp,28119,Slowloris,Malware,DoS,Slowloris
Thursday-15-02-2018_449.pcap,tcp_28066,tcp,28066,Slowloris,Malware,DoS,Slowloris
Thursday-15-02-2018_449.pcap,tcp_28256,tcp,28256,Slowloris,Malware,DoS,Slowloris
Thursday-15-02-2018_449.pcap,tcp_28748,tcp,28748,Slowloris,Malware,DoS,Slowloris
Thursday-15-02-2018_449.pcap,tcp_30259,tcp,30259,Slowloris,Malware,DoS,Slowloris
Thursday-15-02-2018_449.pcap,tcp_29850,tcp,29850,Slowloris,Malware,DoS,Slowloris
Thursday-15-02-2018_449.pcap,tcp_28476,tcp,28476,Slowloris,Malware,DoS,Slowloris
Thursday-15-02-2018_449.pcap,tcp_30220,tcp,30220,Slowloris,Malware,DoS,Slowloris
Thursday-15-02-2018_449.pcap,tcp_29910,tcp,29910,Slowloris,Malware,DoS,Slowloris
Thursday-15-02-2018_449.pcap,tcp_28626,tcp,28626,Slowloris,Malware,DoS,Slowloris
Thursday-15-02-2018_449.pcap,tcp_28683,tcp,28683,Slowloris,Malware,DoS,Slowloris
Thursday-15-02-2018_449.pcap,tcp_29954,tcp,29954,Slowloris,Malware,DoS,Slowloris
Thursday-15-02-2018_449.pcap,tcp_27824,tcp,27824,Slowloris,Malware,DoS,Slowloris
Thursday-15-02-2018_449.pcap,tcp_30566,tcp,30566,Slowloris,Malware,DoS,Slowloris
Thursday-15-02-2018_449.pcap,tcp_27838,tcp,27838,Slowloris,Malware,DoS,Slowloris
Thursday-15-02-2018_449.pcap,tcp_28036,tcp,28036,Slowloris,Malware,DoS,Slowloris
Thursday-15-02-2018_449.pcap,tcp_29486,tcp,29486,Slowloris,Malware,DoS,Slowloris
Thursday-15-02-2018_449.pcap,tcp_30276,tcp,30276,Slowloris,Malware,DoS,Slowloris
Thursday-15-02-2018_449.pcap,tcp_27646,tcp,27646,Slowloris,Malware,DoS,Slowloris
Thursday-15-02-2018_449.pcap,tcp_27969,tcp,27969,Slowloris,Malware,DoS,Slowloris
Thursday-15-02-2018_449.pcap,tcp_28006,tcp,28006,Slowloris,Malware,DoS,Slowloris
Thursday-15-02-2018_449.pcap,tcp_27629,tcp,27629,Slowloris,Malware,DoS,Slowloris
Thursday-15-02-2018_449.pcap,tcp_29474,tcp,29474,Slowloris,Malware,DoS,Slowloris
Thursday-15-02-2018_449.pcap,tcp_30579,tcp,30579,Slowloris,Malware,DoS,Slowloris
Thursday-15-02-2018_449.pcap,tcp_29832,tcp,29832,Slowloris,Malware,DoS,Slowloris
Thursday-15-02-2018_449.pcap,tcp_30624,tcp,30624,Slowloris,Malware,DoS,Slowloris
Thursday-15-02-2018_449.pcap,tcp_28911,tcp,28911,Slowloris,Malware,DoS,Slowloris
Thursday-15-02-2018_449.pcap,tcp_27456,tcp,27456,Slowloris,Malware,DoS,Slowloris
Thursday-15-02-2018_449.pcap,tcp_27896,tcp,27896,Slowloris,Malware,DoS,Slowloris
Thursday-15-02-2018_449.pcap,tcp_27893,tcp,27893,Slowloris,Malware,DoS,Slowloris
Thursday-15-02-2018_449.pcap,tcp_28856,tcp,28856,Slowloris,Malware,DoS,Slowloris
Thursday-15-02-2018_449.pcap,tcp_28247,tcp,28247,Slowloris,Malware,DoS,Slowloris
Thursday-15-02-2018_449.pcap,tcp_29454,tcp,29454,Slowloris,Malware,DoS,Slowloris
Thursday-15-02-2018_449.pcap,tcp_27863,tcp,27863,Slowloris,Malware,DoS,Slowloris
Thursday-15-02-2018_449.pcap,tcp_29363,tcp,29363,Slowloris,Malware,DoS,Slowloris
Thursday-15-02-2018_449.pcap,tcp_27417,tcp,27417,Slowloris,Malware,DoS,Slowloris
Thursday-15-02-2018_449.pcap,tcp_28764,tcp,28764,Slowloris,Malware,DoS,Slowloris
Thursday-15-02-2018_449.pcap,tcp_27951,tcp,27951,Slowloris,Malware,DoS,Slowloris
Thursday-15-02-2018_449.pcap,tcp_27656,tcp,27656,Slowloris,Malware,DoS,Slowloris
Thursday-15-02-2018_449.pcap,tcp_29970,tcp,29970,Slowloris,Malware,DoS,Slowloris
Thursday-15-02-2018_449.pcap,tcp_28511,tcp,28511,Slowloris,Malware,DoS,Slowloris
Thursday-15-02-2018_449.pcap,tcp_29849,tcp,29849,Slowloris,Malware,DoS,Slowloris
Thursday-15-02-2018_449.pcap,tcp_29906,tcp,29906,Slowloris,Malware,DoS,Slowloris
Thursday-15-02-2018_449.pcap,tcp_28054,tcp,28054,Slowloris,Malware,DoS,Slowloris
Thursday-15-02-2018_449.pcap,tcp_29870,tcp,29870,Slowloris,Malware,DoS,Slowloris
Thursday-15-02-2018_449.pcap,tcp_30006,tcp,30006,Slowloris,Malware,DoS,Slowloris
Thursday-15-02-2018_449.pcap,tcp_28303,tcp,28303,Slowloris,Malware,DoS,Slowloris
Thursday-15-02-2018_449.pcap,tcp_27556,tcp,27556,Slowloris,Malware,DoS,Slowloris
Thursday-15-02-2018_449.pcap,tcp_28562,tcp,28562,Slowloris,Malware,DoS,Slowloris
Thursday-15-02-2018_449.pcap,tcp_28144,tcp,28144,Slowloris,Malware,DoS,Slowloris
Thursday-15-02-2018_449.pcap,tcp_30423,tcp,30423,Slowloris,Malware,DoS,Slowloris
Thursday-15-02-2018_449.pcap,tcp_28710,tcp,28710,Slowloris,Malware,DoS,Slowloris
Thursday-15-02-2018_449.pcap,tcp_29886,tcp,29886,Slowloris,Malware,DoS,Slowloris
Thursday-15-02-2018_449.pcap,tcp_27916,tcp,27916,Slowloris,Malware,DoS,Slowloris
Thursday-15-02-2018_449.pcap,tcp_27820,tcp,27820,Slowloris,Malware,DoS,Slowloris
Thursday-15-02-2018_449.pcap,tcp_27965,tcp,27965,Slowloris,Malware,DoS,Slowloris
Thursday-15-02-2018_449.pcap,tcp_29384,tcp,29384,Slowloris,Malware,DoS,Slowloris
Wednesday-21-02-2018_447.pcap,tcp_1040581,tcp,1040581,HOIC,Malware,DDoS,HOIC
Wednesday-21-02-2018_447.pcap,tcp_295094,tcp,295094,HOIC,Malware,DDoS,HOIC
Wednesday-21-02-2018_447.pcap,tcp_119126,tcp,119126,HOIC,Malware,DDoS,HOIC
Wednesday-21-02-2018_447.pcap,tcp_614776,tcp,614776,HOIC,Malware,DDoS,HOIC
Wednesday-21-02-2018_447.pcap,tcp_247366,tcp,247366,HOIC,Malware,DDoS,HOIC
Wednesday-21-02-2018_447.pcap,tcp_330552,tcp,330552,HOIC,Malware,DDoS,HOIC
Wednesday-21-02-2018_447.pcap,tcp_965748,tcp,965748,HOIC,Malware,DDoS,HOIC
Wednesday-21-02-2018_447.pcap,tcp_878174,tcp,878174,HOIC,Malware,DDoS,HOIC
Wednesday-21-02-2018_447.pcap,tcp_731454,tcp,731454,HOIC,Malware,DDoS,HOIC
Wednesday-21-02-2018_447.pcap,tcp_68797,tcp,68797,HOIC,Malware,DDoS,HOIC
Wednesday-21-02-2018_447.pcap,tcp_429922,tcp,429922,HOIC,Malware,DDoS,HOIC
Wednesday-21-02-2018_447.pcap,tcp_925655,tcp,925655,HOIC,Malware,DDoS,HOIC
Wednesday-21-02-2018_447.pcap,tcp_38721,tcp,38721,HOIC,Malware,DDoS,HOIC
Wednesday-21-02-2018_447.pcap,tcp_745619,tcp,745619,HOIC,Malware,DDoS,HOIC
Wednesday-21-02-2018_447.pcap,tcp_127174,tcp,127174,HOIC,Malware,DDoS,HOIC
Wednesday-21-02-2018_447.pcap,tcp_1050706,tcp,1050706,HOIC,Malware,DDoS,HOIC
Wednesday-21-02-2018_447.pcap,tcp_711292,tcp,711292,HOIC,Malware,DDoS,HOIC
Wednesday-21-02-2018_447.pcap,tcp_870773,tcp,870773,HOIC,Malware,DDoS,HOIC
Wednesday-21-02-2018_447.pcap,tcp_777699,tcp,777699,HOIC,Malware,DDoS,HOIC
Wednesday-21-02-2018_447.pcap,tcp_914915,tcp,914915,HOIC,Malware,DDoS,HOIC
Wednesday-21-02-2018_447.pcap,tcp_423519,tcp,423519,HOIC,Malware,DDoS,HOIC
Wednesday-21-02-2018_447.pcap,tcp_766031,tcp,766031,HOIC,Malware,DDoS,HOIC
Wednesday-21-02-2018_447.pcap,tcp_812147,tcp,812147,HOIC,Malware,DDoS,HOIC
Wednesday-21-02-2018_447.pcap,tcp_42592,tcp,42592,HOIC,Malware,DDoS,HOIC
Wednesday-21-02-2018_447.pcap,tcp_959463,tcp,959463,HOIC,Malware,DDoS,HOIC
Wednesday-21-02-2018_447.pcap,tcp_237777,tcp,237777,HOIC,Malware,DDoS,HOIC
Wednesday-21-02-2018_447.pcap,tcp_492853,tcp,492853,HOIC,Malware,DDoS,HOIC
Wednesday-21-02-2018_447.pcap,tcp_1031945,tcp,1031945,HOIC,Malware,DDoS,HOIC
Wednesday-21-02-2018_447.pcap,tcp_166990,tcp,166990,HOIC,Malware,DDoS,HOIC
Wednesday-21-02-2018_447.pcap,tcp_866741,tcp,866741,HOIC,Malware,DDoS,HOIC
Wednesday-21-02-2018_447.pcap,tcp_250006,tcp,250006,HOIC,Malware,DDoS,HOIC
Wednesday-21-02-2018_447.pcap,tcp_252505,tcp,252505,HOIC,Malware,DDoS,HOIC
Wednesday-21-02-2018_447.pcap,tcp_1028300,tcp,1028300,HOIC,Malware,DDoS,HOIC
Wednesday-21-02-2018_447.pcap,tcp_1063130,tcp,1063130,HOIC,Malware,DDoS,HOIC
Wednesday-21-02-2018_447.pcap,tcp_188383,tcp,188383,HOIC,Malware,DDoS,HOIC
Wednesday-21-02-2018_447.pcap,tcp_400740,tcp,400740,HOIC,Malware,DDoS,HOIC
Wednesday-21-02-2018_447.pcap,tcp_597634,tcp,597634,HOIC,Malware,DDoS,HOIC
Wednesday-21-02-2018_447.pcap,tcp_156512,tcp,156512,HOIC,Malware,DDoS,HOIC
Wednesday-21-02-2018_447.pcap,tcp_1042505,tcp,1042505,HOIC,Malware,DDoS,HOIC
Wednesday-21-02-2018_447.pcap,tcp_527364,tcp,527364,HOIC,Malware,DDoS,HOIC
Wednesday-21-02-2018_447.pcap,tcp_96383,tcp,96383,HOIC,Malware,DDoS,HOIC
Wednesday-21-02-2018_447.pcap,tcp_944230,tcp,944230,HOIC,Malware,DDoS,HOIC
Wednesday-21-02-2018_447.pcap,tcp_1005952,tcp,1005952,HOIC,Malware,DDoS,HOIC
Wednesday-21-02-2018_447.pcap,tcp_441276,tcp,441276,HOIC,Malware,DDoS,HOIC
Wednesday-21-02-2018_447.pcap,tcp_242785,tcp,242785,HOIC,Malware,DDoS,HOIC
Wednesday-21-02-2018_447.pcap,tcp_498404,tcp,498404,HOIC,Malware,DDoS,HOIC
Wednesday-21-02-2018_447.pcap,tcp_412322,tcp,412322,HOIC,Malware,DDoS,HOIC
Wednesday-21-02-2018_447.pcap,tcp_701916,tcp,701916,HOIC,Malware,DDoS,HOIC
Wednesday-21-02-2018_447.pcap,tcp_759120,tcp,759120,HOIC,Malware,DDoS,HOIC
Wednesday-21-02-2018_447.pcap,tcp_686397,tcp,686397,HOIC,Malware,DDoS,HOIC
Wednesday-21-02-2018_447.pcap,tcp_822976,tcp,822976,HOIC,Malware,DDoS,HOIC
Wednesday-21-02-2018_447.pcap,tcp_661346,tcp,661346,HOIC,Malware,DDoS,HOIC
Wednesday-21-02-2018_447.pcap,tcp_612422,tcp,612422,HOIC,Malware,DDoS,HOIC
Wednesday-21-02-2018_447.pcap,tcp_850038,tcp,850038,HOIC,Malware,DDoS,HOIC
Wednesday-21-02-2018_447.pcap,tcp_258996,tcp,258996,HOIC,Malware,DDoS,HOIC
Wednesday-21-02-2018_447.pcap,tcp_658250,tcp,658250,HOIC,Malware,DDoS,HOIC
Wednesday-21-02-2018_447.pcap,tcp_535839,tcp,535839,HOIC,Malware,DDoS,HOIC
Wednesday-21-02-2018_447.pcap,tcp_611995,tcp,611995,HOIC,Malware,DDoS,HOIC
Wednesday-21-02-2018_447.pcap,tcp_194807,tcp,194807,HOIC,Malware,DDoS,HOIC
Wednesday-21-02-2018_447.pcap,tcp_77103,tcp,77103,HOIC,Malware,DDoS,HOIC
Wednesday-21-02-2018_447.pcap,tcp_325923,tcp,325923,HOIC,Malware,DDoS,HOIC
Wednesday-21-02-2018_447.pcap,tcp_406586,tcp,406586,HOIC,Malware,DDoS,HOIC
Wednesday-21-02-2018_447.pcap,tcp_14626,tcp,14626,HOIC,Malware,DDoS,HOIC
Wednesday-21-02-2018_447.pcap,tcp_611433,tcp,611433,HOIC,Malware,DDoS,HOIC
Wednesday-21-02-2018_447.pcap,tcp_335034,tcp,335034,HOIC,Malware,DDoS,HOIC
Wednesday-21-02-2018_447.pcap,tcp_779495,tcp,779495,HOIC,Malware,DDoS,HOIC
Wednesday-21-02-2018_447.pcap,tcp_935130,tcp,935130,HOIC,Malware,DDoS,HOIC
Wednesday-21-02-2018_447.pcap,tcp_680385,tcp,680385,HOIC,Malware,DDoS,HOIC
Wednesday-21-02-2018_447.pcap,tcp_902948,tcp,902948,HOIC,Malware,DDoS,HOIC
Wednesday-21-02-2018_447.pcap,tcp_551303,tcp,551303,HOIC,Malware,DDoS,HOIC
Wednesday-21-02-2018_447.pcap,tcp_905426,tcp,905426,HOIC,Malware,DDoS,HOIC
Wednesday-21-02-2018_447.pcap,tcp_13711,tcp,13711,HOIC,Malware,DDoS,HOIC
Wednesday-21-02-2018_447.pcap,tcp_1048899,tcp,1048899,HOIC,Malware,DDoS,HOIC
Wednesday-21-02-2018_447.pcap,tcp_176504,tcp,176504,HOIC,Malware,DDoS,HOIC
Wednesday-21-02-2018_447.pcap,tcp_571077,tcp,571077,HOIC,Malware,DDoS,HOIC
Wednesday-21-02-2018_447.pcap,tcp_1037656,tcp,1037656,HOIC,Malware,DDoS,HOIC
Wednesday-21-02-2018_447.pcap,tcp_954643,tcp,954643,HOIC,Malware,DDoS,HOIC
Wednesday-21-02-2018_447.pcap,tcp_773416,tcp,773416,HOIC,Malware,DDoS,HOIC
Wednesday-21-02-2018_447.pcap,tcp_884852,tcp,884852,HOIC,Malware,DDoS,HOIC
Wednesday-21-02-2018_447.pcap,tcp_886666,tcp,886666,HOIC,Malware,DDoS,HOIC
Wednesday-21-02-2018_447.pcap,tcp_611553,tcp,611553,HOIC,Malware,DDoS,HOIC
Wednesday-21-02-2018_447.pcap,tcp_801156,tcp,801156,HOIC,Malware,DDoS,HOIC
Wednesday-21-02-2018_447.pcap,tcp_693437,tcp,693437,HOIC,Malware,DDoS,HOIC
Wednesday-21-02-2018_447.pcap,tcp_103020,tcp,103020,HOIC,Malware,DDoS,HOIC
Wednesday-21-02-2018_447.pcap,tcp_135818,tcp,135818,HOIC,Malware,DDoS,HOIC
Wednesday-21-02-2018_447.pcap,tcp_699680,tcp,699680,HOIC,Malware,DDoS,HOIC
Wednesday-21-02-2018_447.pcap,tcp_832309,tcp,832309,HOIC,Malware,DDoS,HOIC
Wednesday-21-02-2018_447.pcap,tcp_877524,tcp,877524,HOIC,Malware,DDoS,HOIC
Wednesday-21-02-2018_447.pcap,tcp_764922,tcp,764922,HOIC,Malware,DDoS,HOIC
Wednesday-21-02-2018_447.pcap,tcp_116724,tcp,116724,HOIC,Malware,DDoS,HOIC
Wednesday-21-02-2018_447.pcap,tcp_899111,tcp,899111,HOIC,Malware,DDoS,HOIC
Wednesday-21-02-2018_447.pcap,tcp_411916,tcp,411916,HOIC,Malware,DDoS,HOIC
Wednesday-21-02-2018_447.pcap,tcp_744032,tcp,744032,HOIC,Malware,DDoS,HOIC
Wednesday-21-02-2018_447.pcap,tcp_806582,tcp,806582,HOIC,Malware,DDoS,HOIC
Wednesday-21-02-2018_447.pcap,tcp_528462,tcp,528462,HOIC,Malware,DDoS,HOIC
Wednesday-21-02-2018_447.pcap,tcp_817380,tcp,817380,HOIC,Malware,DDoS,HOIC
Wednesday-21-02-2018_447.pcap,tcp_930667,tcp,930667,HOIC,Malware,DDoS,HOIC
Wednesday-21-02-2018_447.pcap,tcp_8582,tcp,8582,HOIC,Malware,DDoS,HOIC
Wednesday-21-02-2018_447.pcap,tcp_263308,tcp,263308,HOIC,Malware,DDoS,HOIC
Wednesday-21-02-2018_447.pcap,tcp_606520,tcp,606520,HOIC,Malware,DDoS,HOIC
Wednesday-21-02-2018_447.pcap,tcp_947024,tcp,947024,HOIC,Malware,DDoS,HOIC
Wednesday-21-02-2018_447.pcap,tcp_284681,tcp,284681,HOIC,Malware,DDoS,HOIC
Wednesday-21-02-2018_447.pcap,tcp_691355,tcp,691355,HOIC,Malware,DDoS,HOIC
Wednesday-21-02-2018_447.pcap,tcp_563446,tcp,563446,HOIC,Malware,DDoS,HOIC
Wednesday-21-02-2018_447.pcap,tcp_188289,tcp,188289,HOIC,Malware,DDoS,HOIC
Wednesday-21-02-2018_447.pcap,tcp_503336,tcp,503336,HOIC,Malware,DDoS,HOIC
Wednesday-21-02-2018_447.pcap,tcp_231664,tcp,231664,HOIC,Malware,DDoS,HOIC
Wednesday-21-02-2018_447.pcap,tcp_112746,tcp,112746,HOIC,Malware,DDoS,HOIC
Wednesday-21-02-2018_447.pcap,tcp_10153,tcp,10153,HOIC,Malware,DDoS,HOIC
Wednesday-21-02-2018_447.pcap,tcp_102789,tcp,102789,HOIC,Malware,DDoS,HOIC
Wednesday-21-02-2018_447.pcap,tcp_1042148,tcp,1042148,HOIC,Malware,DDoS,HOIC
Wednesday-21-02-2018_447.pcap,tcp_689465,tcp,689465,HOIC,Malware,DDoS,HOIC
Wednesday-21-02-2018_447.pcap,tcp_686300,tcp,686300,HOIC,Malware,DDoS,HOIC
Wednesday-21-02-2018_447.pcap,tcp_793519,tcp,793519,HOIC,Malware,DDoS,HOIC
Wednesday-21-02-2018_447.pcap,tcp_457544,tcp,457544,HOIC,Malware,DDoS,HOIC
Wednesday-21-02-2018_447.pcap,tcp_433908,tcp,433908,HOIC,Malware,DDoS,HOIC
Wednesday-21-02-2018_447.pcap,tcp_11298,tcp,11298,HOIC,Malware,DDoS,HOIC
Wednesday-21-02-2018_447.pcap,tcp_892022,tcp,892022,HOIC,Malware,DDoS,HOIC
Wednesday-21-02-2018_447.pcap,tcp_70692,tcp,70692,HOIC,Malware,DDoS,HOIC
Wednesday-21-02-2018_447.pcap,tcp_1048143,tcp,1048143,HOIC,Malware,DDoS,HOIC
Wednesday-21-02-2018_447.pcap,tcp_692371,tcp,692371,HOIC,Malware,DDoS,HOIC
Wednesday-21-02-2018_447.pcap,tcp_868872,tcp,868872,HOIC,Malware,DDoS,HOIC
Wednesday-21-02-2018_447.pcap,tcp_254012,tcp,254012,HOIC,Malware,DDoS,HOIC
Wednesday-21-02-2018_447.pcap,tcp_1056321,tcp,1056321,HOIC,Malware,DDoS,HOIC
Wednesday-21-02-2018_447.pcap,tcp_80207,tcp,80207,HOIC,Malware,DDoS,HOIC
Wednesday-21-02-2018_447.pcap,tcp_676347,tcp,676347,HOIC,Malware,DDoS,HOIC
Wednesday-21-02-2018_447.pcap,tcp_696659,tcp,696659,HOIC,Malware,DDoS,HOIC
Wednesday-21-02-2018_447.pcap,tcp_225464,tcp,225464,HOIC,Malware,DDoS,HOIC
Wednesday-21-02-2018_447.pcap,tcp_727431,tcp,727431,HOIC,Malware,DDoS,HOIC
Wednesday-21-02-2018_447.pcap,tcp_1007141,tcp,1007141,HOIC,Malware,DDoS,HOIC
Wednesday-21-02-2018_447.pcap,tcp_584591,tcp,584591,HOIC,Malware,DDoS,HOIC
Wednesday-21-02-2018_447.pcap,tcp_655398,tcp,655398,HOIC,Malware,DDoS,HOIC
Wednesday-21-02-2018_447.pcap,tcp_222450,tcp,222450,HOIC,Malware,DDoS,HOIC
Wednesday-21-02-2018_447.pcap,tcp_984369,tcp,984369,HOIC,Malware,DDoS,HOIC
Wednesday-21-02-2018_447.pcap,tcp_997730,tcp,997730,HOIC,Malware,DDoS,HOIC
Wednesday-21-02-2018_447.pcap,tcp_211949,tcp,211949,HOIC,Malware,DDoS,HOIC
Wednesday-21-02-2018_447.pcap,tcp_841198,tcp,841198,HOIC,Malware,DDoS,HOIC
Wednesday-21-02-2018_447.pcap,tcp_273508,tcp,273508,HOIC,Malware,DDoS,HOIC
Wednesday-21-02-2018_447.pcap,tcp_643985,tcp,643985,HOIC,Malware,DDoS,HOIC
Wednesday-21-02-2018_447.pcap,tcp_317436,tcp,317436,HOIC,Malware,DDoS,HOIC
Wednesday-21-02-2018_447.pcap,tcp_871140,tcp,871140,HOIC,Malware,DDoS,HOIC
Wednesday-21-02-2018_447.pcap,tcp_676195,tcp,676195,HOIC,Malware,DDoS,HOIC
Wednesday-21-02-2018_447.pcap,tcp_591661,tcp,591661,HOIC,Malware,DDoS,HOIC
Wednesday-21-02-2018_447.pcap,tcp_251422,tcp,251422,HOIC,Malware,DDoS,HOIC
Wednesday-21-02-2018_447.pcap,tcp_443191,tcp,443191,HOIC,Malware,DDoS,HOIC
Wednesday-21-02-2018_447.pcap,tcp_589719,tcp,589719,HOIC,Malware,DDoS,HOIC
Wednesday-21-02-2018_447.pcap,tcp_447620,tcp,447620,HOIC,Malware,DDoS,HOIC
Wednesday-21-02-2018_447.pcap,tcp_366482,tcp,366482,HOIC,Malware,DDoS,HOIC
Wednesday-21-02-2018_447.pcap,tcp_971770,tcp,971770,HOIC,Malware,DDoS,HOIC
Wednesday-21-02-2018_447.pcap,tcp_356298,tcp,356298,HOIC,Malware,DDoS,HOIC
Wednesday-21-02-2018_447.pcap,tcp_361948,tcp,361948,HOIC,Malware,DDoS,HOIC
Wednesday-21-02-2018_447.pcap,tcp_969104,tcp,969104,HOIC,Malware,DDoS,HOIC
Wednesday-21-02-2018_447.pcap,tcp_124380,tcp,124380,HOIC,Malware,DDoS,HOIC
Wednesday-21-02-2018_447.pcap,tcp_932211,tcp,932211,HOIC,Malware,DDoS,HOIC
Wednesday-21-02-2018_447.pcap,tcp_77076,tcp,77076,HOIC,Malware,DDoS,HOIC
Wednesday-21-02-2018_447.pcap,tcp_773573,tcp,773573,HOIC,Malware,DDoS,HOIC
Wednesday-21-02-2018_447.pcap,tcp_229717,tcp,229717,HOIC,Malware,DDoS,HOIC
Wednesday-21-02-2018_447.pcap,tcp_194007,tcp,194007,HOIC,Malware,DDoS,HOIC
Wednesday-21-02-2018_447.pcap,tcp_549371,tcp,549371,HOIC,Malware,DDoS,HOIC
Wednesday-21-02-2018_447.pcap,tcp_214079,tcp,214079,HOIC,Malware,DDoS,HOIC
Wednesday-21-02-2018_447.pcap,tcp_972803,tcp,972803,HOIC,Malware,DDoS,HOIC
Wednesday-21-02-2018_447.pcap,tcp_471454,tcp,471454,HOIC,Malware,DDoS,HOIC
Wednesday-21-02-2018_447.pcap,tcp_266405,tcp,266405,HOIC,Malware,DDoS,HOIC
Wednesday-21-02-2018_447.pcap,tcp_445302,tcp,445302,HOIC,Malware,DDoS,HOIC
Wednesday-21-02-2018_447.pcap,tcp_965396,tcp,965396,HOIC,Malware,DDoS,HOIC
Wednesday-21-02-2018_447.pcap,tcp_1006728,tcp,1006728,HOIC,Malware,DDoS,HOIC
Wednesday-21-02-2018_447.pcap,tcp_12578,tcp,12578,HOIC,Malware,DDoS,HOIC
Wednesday-21-02-2018_447.pcap,tcp_736165,tcp,736165,HOIC,Malware,DDoS,HOIC
Wednesday-21-02-2018_447.pcap,tcp_730481,tcp,730481,HOIC,Malware,DDoS,HOIC
Wednesday-21-02-2018_447.pcap,tcp_920485,tcp,920485,HOIC,Malware,DDoS,HOIC
Wednesday-21-02-2018_447.pcap,tcp_21775,tcp,21775,HOIC,Malware,DDoS,HOIC
Wednesday-21-02-2018_447.pcap,tcp_528044,tcp,528044,HOIC,Malware,DDoS,HOIC
Wednesday-21-02-2018_447.pcap,tcp_183913,tcp,183913,HOIC,Malware,DDoS,HOIC
Wednesday-21-02-2018_447.pcap,tcp_815503,tcp,815503,HOIC,Malware,DDoS,HOIC
Wednesday-21-02-2018_447.pcap,tcp_797661,tcp,797661,HOIC,Malware,DDoS,HOIC
Wednesday-21-02-2018_447.pcap,tcp_640325,tcp,640325,HOIC,Malware,DDoS,HOIC
Wednesday-21-02-2018_447.pcap,tcp_705083,tcp,705083,HOIC,Malware,DDoS,HOIC
Wednesday-21-02-2018_447.pcap,tcp_201301,tcp,201301,HOIC,Malware,DDoS,HOIC
Wednesday-21-02-2018_447.pcap,tcp_834621,tcp,834621,HOIC,Malware,DDoS,HOIC
Wednesday-21-02-2018_447.pcap,tcp_37607,tcp,37607,HOIC,Malware,DDoS,HOIC
Wednesday-21-02-2018_447.pcap,tcp_500499,tcp,500499,HOIC,Malware,DDoS,HOIC
Wednesday-21-02-2018_447.pcap,tcp_151282,tcp,151282,HOIC,Malware,DDoS,HOIC
Wednesday-21-02-2018_447.pcap,tcp_505290,tcp,505290,HOIC,Malware,DDoS,HOIC
Wednesday-21-02-2018_447.pcap,tcp_776483,tcp,776483,HOIC,Malware,DDoS,HOIC
Wednesday-21-02-2018_447.pcap,tcp_649399,tcp,649399,HOIC,Malware,DDoS,HOIC
Wednesday-21-02-2018_447.pcap,tcp_780235,tcp,780235,HOIC,Malware,DDoS,HOIC
Wednesday-21-02-2018_447.pcap,tcp_480732,tcp,480732,HOIC,Malware,DDoS,HOIC
Wednesday-21-02-2018_447.pcap,tcp_47117,tcp,47117,HOIC,Malware,DDoS,HOIC
Wednesday-21-02-2018_447.pcap,tcp_704160,tcp,704160,HOIC,Malware,DDoS,HOIC
Wednesday-21-02-2018_447.pcap,tcp_959668,tcp,959668,HOIC,Malware,DDoS,HOIC
Wednesday-21-02-2018_447.pcap,tcp_764244,tcp,764244,HOIC,Malware,DDoS,HOIC
Wednesday-21-02-2018_447.pcap,tcp_208817,tcp,208817,HOIC,Malware,DDoS,HOIC
Wednesday-21-02-2018_447.pcap,tcp_949757,tcp,949757,HOIC,Malware,DDoS,HOIC
Wednesday-21-02-2018_447.pcap,tcp_187459,tcp,187459,HOIC,Malware,DDoS,HOIC
Wednesday-21-02-2018_447.pcap,tcp_850946,tcp,850946,HOIC,Malware,DDoS,HOIC
Wednesday-21-02-2018_447.pcap,tcp_385201,tcp,385201,HOIC,Malware,DDoS,HOIC
Wednesday-21-02-2018_447.pcap,tcp_39116,tcp,39116,HOIC,Malware,DDoS,HOIC
Wednesday-21-02-2018_447.pcap,tcp_787901,tcp,787901,HOIC,Malware,DDoS,HOIC
Wednesday-21-02-2018_447.pcap,tcp_916844,tcp,916844,HOIC,Malware,DDoS,HOIC
Wednesday-21-02-2018_447.pcap,tcp_477144,tcp,477144,HOIC,Malware,DDoS,HOIC
Wednesday-21-02-2018_447.pcap,tcp_59580,tcp,59580,HOIC,Malware,DDoS,HOIC
Wednesday-21-02-2018_447.pcap,tcp_678684,tcp,678684,HOIC,Malware,DDoS,HOIC
Wednesday-21-02-2018_447.pcap,tcp_884877,tcp,884877,HOIC,Malware,DDoS,HOIC
Wednesday-21-02-2018_447.pcap,tcp_228109,tcp,228109,HOIC,Malware,DDoS,HOIC
Wednesday-21-02-2018_447.pcap,tcp_474093,tcp,474093,HOIC,Malware,DDoS,HOIC
Wednesday-21-02-2018_447.pcap,tcp_934149,tcp,934149,HOIC,Malware,DDoS,HOIC
Wednesday-21-02-2018_447.pcap,tcp_1065176,tcp,1065176,HOIC,Malware,DDoS,HOIC
Wednesday-21-02-2018_447.pcap,tcp_519785,tcp,519785,HOIC,Malware,DDoS,HOIC
Wednesday-21-02-2018_447.pcap,tcp_419052,tcp,419052,HOIC,Malware,DDoS,HOIC
Wednesday-21-02-2018_447.pcap,tcp_765187,tcp,765187,HOIC,Malware,DDoS,HOIC
Wednesday-21-02-2018_447.pcap,tcp_525823,tcp,525823,HOIC,Malware,DDoS,HOIC
Wednesday-21-02-2018_447.pcap,tcp_1069382,tcp,1069382,HOIC,Malware,DDoS,HOIC
Wednesday-21-02-2018_447.pcap,tcp_914675,tcp,914675,HOIC,Malware,DDoS,HOIC
Wednesday-21-02-2018_447.pcap,tcp_96193,tcp,96193,HOIC,Malware,DDoS,HOIC
Wednesday-21-02-2018_447.pcap,tcp_1020383,tcp,1020383,HOIC,Malware,DDoS,HOIC
Wednesday-21-02-2018_447.pcap,tcp_374941,tcp,374941,HOIC,Malware,DDoS,HOIC
Wednesday-21-02-2018_447.pcap,tcp_492246,tcp,492246,HOIC,Malware,DDoS,HOIC
Wednesday-21-02-2018_447.pcap,tcp_299074,tcp,299074,HOIC,Malware,DDoS,HOIC
Wednesday-21-02-2018_447.pcap,tcp_706764,tcp,706764,HOIC,Malware,DDoS,HOIC
Wednesday-21-02-2018_447.pcap,tcp_395226,tcp,395226,HOIC,Malware,DDoS,HOIC
Wednesday-21-02-2018_447.pcap,tcp_1044721,tcp,1044721,HOIC,Malware,DDoS,HOIC
Wednesday-21-02-2018_447.pcap,tcp_66109,tcp,66109,HOIC,Malware,DDoS,HOIC
Wednesday-21-02-2018_447.pcap,tcp_125143,tcp,125143,HOIC,Malware,DDoS,HOIC
Wednesday-21-02-2018_447.pcap,tcp_28997,tcp,28997,HOIC,Malware,DDoS,HOIC
Wednesday-21-02-2018_447.pcap,tcp_925480,tcp,925480,HOIC,Malware,DDoS,HOIC
Wednesday-21-02-2018_447.pcap,tcp_187188,tcp,187188,HOIC,Malware,DDoS,HOIC
Wednesday-21-02-2018_447.pcap,tcp_505363,tcp,505363,HOIC,Malware,DDoS,HOIC
Wednesday-21-02-2018_447.pcap,tcp_845588,tcp,845588,HOIC,Malware,DDoS,HOIC
Wednesday-21-02-2018_447.pcap,tcp_206176,tcp,206176,HOIC,Malware,DDoS,HOIC
Wednesday-21-02-2018_447.pcap,tcp_848722,tcp,848722,HOIC,Malware,DDoS,HOIC
Wednesday-21-02-2018_447.pcap,tcp_385253,tcp,385253,HOIC,Malware,DDoS,HOIC
Wednesday-21-02-2018_447.pcap,tcp_582475,tcp,582475,HOIC,Malware,DDoS,HOIC
Wednesday-21-02-2018_447.pcap,tcp_263896,tcp,263896,HOIC,Malware,DDoS,HOIC
Wednesday-21-02-2018_447.pcap,tcp_980014,tcp,980014,HOIC,Malware,DDoS,HOIC
Wednesday-21-02-2018_447.pcap,tcp_258352,tcp,258352,HOIC,Malware,DDoS,HOIC
Wednesday-21-02-2018_447.pcap,tcp_1058038,tcp,1058038,HOIC,Malware,DDoS,HOIC
Wednesday-21-02-2018_447.pcap,tcp_27238,tcp,27238,HOIC,Malware,DDoS,HOIC
Wednesday-21-02-2018_447.pcap,tcp_379761,tcp,379761,HOIC,Malware,DDoS,HOIC
Wednesday-21-02-2018_447.pcap,tcp_602530,tcp,602530,HOIC,Malware,DDoS,HOIC
Wednesday-21-02-2018_447.pcap,tcp_722328,tcp,722328,HOIC,Malware,DDoS,HOIC
Wednesday-21-02-2018_447.pcap,tcp_897723,tcp,897723,HOIC,Malware,DDoS,HOIC
Wednesday-21-02-2018_447.pcap,tcp_94369,tcp,94369,HOIC,Malware,DDoS,HOIC
Wednesday-21-02-2018_447.pcap,tcp_428067,tcp,428067,HOIC,Malware,DDoS,HOIC
Wednesday-21-02-2018_447.pcap,tcp_227175,tcp,227175,HOIC,Malware,DDoS,HOIC
Wednesday-21-02-2018_447.pcap,tcp_89546,tcp,89546,HOIC,Malware,DDoS,HOIC
Wednesday-21-02-2018_447.pcap,tcp_827840,tcp,827840,HOIC,Malware,DDoS,HOIC
Wednesday-21-02-2018_447.pcap,tcp_113544,tcp,113544,HOIC,Malware,DDoS,HOIC
Wednesday-21-02-2018_447.pcap,tcp_68497,tcp,68497,HOIC,Malware,DDoS,HOIC
Wednesday-21-02-2018_447.pcap,tcp_666871,tcp,666871,HOIC,Malware,DDoS,HOIC
Wednesday-21-02-2018_447.pcap,tcp_23616,tcp,23616,HOIC,Malware,DDoS,HOIC
Wednesday-21-02-2018_447.pcap,tcp_928035,tcp,928035,HOIC,Malware,DDoS,HOIC
Wednesday-21-02-2018_447.pcap,tcp_1011032,tcp,1011032,HOIC,Malware,DDoS,HOIC
Wednesday-21-02-2018_447.pcap,tcp_618163,tcp,618163,HOIC,Malware,DDoS,HOIC
Wednesday-21-02-2018_447.pcap,tcp_890457,tcp,890457,HOIC,Malware,DDoS,HOIC
Wednesday-21-02-2018_447.pcap,tcp_934824,tcp,934824,HOIC,Malware,DDoS,HOIC
Wednesday-21-02-2018_447.pcap,tcp_392480,tcp,392480,HOIC,Malware,DDoS,HOIC
Wednesday-21-02-2018_447.pcap,tcp_932100,tcp,932100,HOIC,Malware,DDoS,HOIC
Wednesday-21-02-2018_447.pcap,tcp_89646,tcp,89646,HOIC,Malware,DDoS,HOIC
Wednesday-21-02-2018_447.pcap,tcp_712284,tcp,712284,HOIC,Malware,DDoS,HOIC
Wednesday-21-02-2018_447.pcap,tcp_844278,tcp,844278,HOIC,Malware,DDoS,HOIC
Wednesday-21-02-2018_447.pcap,tcp_269674,tcp,269674,HOIC,Malware,DDoS,HOIC
Wednesday-21-02-2018_447.pcap,tcp_642939,tcp,642939,HOIC,Malware,DDoS,HOIC
Wednesday-21-02-2018_447.pcap,tcp_758450,tcp,758450,HOIC,Malware,DDoS,HOIC
Wednesday-21-02-2018_447.pcap,tcp_280471,tcp,280471,HOIC,Malware,DDoS,HOIC
Wednesday-21-02-2018_447.pcap,tcp_397368,tcp,397368,HOIC,Malware,DDoS,HOIC
Wednesday-21-02-2018_447.pcap,tcp_977822,tcp,977822,HOIC,Malware,DDoS,HOIC
Wednesday-21-02-2018_447.pcap,tcp_631840,tcp,631840,HOIC,Malware,DDoS,HOIC
Wednesday-21-02-2018_447.pcap,tcp_971152,tcp,971152,HOIC,Malware,DDoS,HOIC
Wednesday-21-02-2018_447.pcap,tcp_133334,tcp,133334,HOIC,Malware,DDoS,HOIC
Wednesday-21-02-2018_447.pcap,tcp_625940,tcp,625940,HOIC,Malware,DDoS,HOIC
Wednesday-21-02-2018_447.pcap,tcp_761457,tcp,761457,HOIC,Malware,DDoS,HOIC
Wednesday-21-02-2018_447.pcap,tcp_831511,tcp,831511,HOIC,Malware,DDoS,HOIC
Wednesday-21-02-2018_447.pcap,tcp_642651,tcp,642651,HOIC,Malware,DDoS,HOIC
Wednesday-21-02-2018_447.pcap,tcp_418606,tcp,418606,HOIC,Malware,DDoS,HOIC
Wednesday-21-02-2018_447.pcap,tcp_523756,tcp,523756,HOIC,Malware,DDoS,HOIC
Wednesday-21-02-2018_447.pcap,tcp_393243,tcp,393243,HOIC,Malware,DDoS,HOIC
Wednesday-21-02-2018_447.pcap,tcp_587300,tcp,587300,HOIC,Malware,DDoS,HOIC
Wednesday-21-02-2018_447.pcap,tcp_302835,tcp,302835,HOIC,Malware,DDoS,HOIC
Wednesday-21-02-2018_447.pcap,tcp_167892,tcp,167892,HOIC,Malware,DDoS,HOIC
Wednesday-21-02-2018_447.pcap,tcp_298050,tcp,298050,HOIC,Malware,DDoS,HOIC
Wednesday-21-02-2018_447.pcap,tcp_784755,tcp,784755,HOIC,Malware,DDoS,HOIC
Wednesday-21-02-2018_447.pcap,tcp_260084,tcp,260084,HOIC,Malware,DDoS,HOIC
Wednesday-21-02-2018_447.pcap,tcp_429302,tcp,429302,HOIC,Malware,DDoS,HOIC
Wednesday-21-02-2018_447.pcap,tcp_280106,tcp,280106,HOIC,Malware,DDoS,HOIC
Wednesday-21-02-2018_447.pcap,tcp_70404,tcp,70404,HOIC,Malware,DDoS,HOIC
Wednesday-21-02-2018_447.pcap,tcp_33867,tcp,33867,HOIC,Malware,DDoS,HOIC
Wednesday-21-02-2018_447.pcap,tcp_175389,tcp,175389,HOIC,Malware,DDoS,HOIC
Wednesday-21-02-2018_447.pcap,tcp_930908,tcp,930908,HOIC,Malware,DDoS,HOIC
Wednesday-21-02-2018_447.pcap,tcp_1003618,tcp,1003618,HOIC,Malware,DDoS,HOIC
Wednesday-21-02-2018_447.pcap,tcp_668529,tcp,668529,HOIC,Malware,DDoS,HOIC
Wednesday-21-02-2018_447.pcap,tcp_366682,tcp,366682,HOIC,Malware,DDoS,HOIC
Wednesday-21-02-2018_447.pcap,tcp_777503,tcp,777503,HOIC,Malware,DDoS,HOIC
Wednesday-21-02-2018_447.pcap,tcp_20863,tcp,20863,HOIC,Malware,DDoS,HOIC
Wednesday-21-02-2018_447.pcap,tcp_555658,tcp,555658,HOIC,Malware,DDoS,HOIC
Wednesday-21-02-2018_447.pcap,tcp_710721,tcp,710721,HOIC,Malware,DDoS,HOIC
Wednesday-21-02-2018_447.pcap,tcp_795284,tcp,795284,HOIC,Malware,DDoS,HOIC
Wednesday-21-02-2018_447.pcap,tcp_315878,tcp,315878,HOIC,Malware,DDoS,HOIC
Wednesday-21-02-2018_447.pcap,tcp_356117,tcp,356117,HOIC,Malware,DDoS,HOIC
Wednesday-21-02-2018_447.pcap,tcp_10191,tcp,10191,HOIC,Malware,DDoS,HOIC
Wednesday-21-02-2018_447.pcap,tcp_992970,tcp,992970,HOIC,Malware,DDoS,HOIC
Wednesday-21-02-2018_447.pcap,tcp_893168,tcp,893168,HOIC,Malware,DDoS,HOIC
Wednesday-21-02-2018_447.pcap,tcp_824622,tcp,824622,HOIC,Malware,DDoS,HOIC
Wednesday-21-02-2018_447.pcap,tcp_798889,tcp,798889,HOIC,Malware,DDoS,HOIC
Wednesday-21-02-2018_447.pcap,tcp_954316,tcp,954316,HOIC,Malware,DDoS,HOIC
Wednesday-21-02-2018_447.pcap,tcp_454800,tcp,454800,HOIC,Malware,DDoS,HOIC
Wednesday-21-02-2018_447.pcap,tcp_479991,tcp,479991,HOIC,Malware,DDoS,HOIC
Wednesday-21-02-2018_447.pcap,tcp_569079,tcp,569079,HOIC,Malware,DDoS,HOIC
Wednesday-21-02-2018_447.pcap,tcp_177403,tcp,177403,HOIC,Malware,DDoS,HOIC
Wednesday-21-02-2018_447.pcap,tcp_7911,tcp,7911,HOIC,Malware,DDoS,HOIC
Wednesday-21-02-2018_447.pcap,tcp_32306,tcp,32306,HOIC,Malware,DDoS,HOIC
Wednesday-21-02-2018_447.pcap,tcp_558489,tcp,558489,HOIC,Malware,DDoS,HOIC
Wednesday-21-02-2018_447.pcap,tcp_6963,tcp,6963,HOIC,Malware,DDoS,HOIC
Wednesday-21-02-2018_447.pcap,tcp_617937,tcp,617937,HOIC,Malware,DDoS,HOIC
Wednesday-21-02-2018_447.pcap,tcp_887546,tcp,887546,HOIC,Malware,DDoS,HOIC
Wednesday-21-02-2018_447.pcap,tcp_871593,tcp,871593,HOIC,Malware,DDoS,HOIC
Wednesday-21-02-2018_447.pcap,tcp_3853,tcp,3853,HOIC,Malware,DDoS,HOIC
Wednesday-21-02-2018_447.pcap,tcp_759802,tcp,759802,HOIC,Malware,DDoS,HOIC
Wednesday-21-02-2018_447.pcap,tcp_842508,tcp,842508,HOIC,Malware,DDoS,HOIC
Wednesday-21-02-2018_447.pcap,tcp_670841,tcp,670841,HOIC,Malware,DDoS,HOIC
Wednesday-21-02-2018_447.pcap,tcp_456386,tcp,456386,HOIC,Malware,DDoS,HOIC
Wednesday-21-02-2018_447.pcap,tcp_669163,tcp,669163,HOIC,Malware,DDoS,HOIC
Wednesday-21-02-2018_447.pcap,tcp_108735,tcp,108735,HOIC,Malware,DDoS,HOIC
Wednesday-21-02-2018_447.pcap,tcp_33216,tcp,33216,HOIC,Malware,DDoS,HOIC
Wednesday-21-02-2018_447.pcap,tcp_276915,tcp,276915,HOIC,Malware,DDoS,HOIC
Wednesday-21-02-2018_447.pcap,tcp_769829,tcp,769829,HOIC,Malware,DDoS,HOIC
Wednesday-21-02-2018_447.pcap,tcp_957389,tcp,957389,HOIC,Malware,DDoS,HOIC
Wednesday-21-02-2018_447.pcap,tcp_114384,tcp,114384,HOIC,Malware,DDoS,HOIC
Wednesday-21-02-2018_447.pcap,tcp_90170,tcp,90170,HOIC,Malware,DDoS,HOIC
Wednesday-21-02-2018_447.pcap,tcp_571304,tcp,571304,HOIC,Malware,DDoS,HOIC
Wednesday-21-02-2018_447.pcap,tcp_579764,tcp,579764,HOIC,Malware,DDoS,HOIC
Wednesday-21-02-2018_447.pcap,tcp_786839,tcp,786839,HOIC,Malware,DDoS,HOIC
Wednesday-21-02-2018_447.pcap,tcp_972913,tcp,972913,HOIC,Malware,DDoS,HOIC
Wednesday-21-02-2018_447.pcap,tcp_663391,tcp,663391,HOIC,Malware,DDoS,HOIC
Wednesday-21-02-2018_447.pcap,tcp_592279,tcp,592279,HOIC,Malware,DDoS,HOIC
Wednesday-21-02-2018_447.pcap,tcp_26831,tcp,26831,HOIC,Malware,DDoS,HOIC
Wednesday-21-02-2018_447.pcap,tcp_86902,tcp,86902,HOIC,Malware,DDoS,HOIC
Wednesday-21-02-2018_447.pcap,tcp_209387,tcp,209387,HOIC,Malware,DDoS,HOIC
Wednesday-21-02-2018_447.pcap,tcp_469392,tcp,469392,HOIC,Malware,DDoS,HOIC
Wednesday-21-02-2018_447.pcap,tcp_129842,tcp,129842,HOIC,Malware,DDoS,HOIC
Wednesday-21-02-2018_447.pcap,tcp_622805,tcp,622805,HOIC,Malware,DDoS,HOIC
Wednesday-21-02-2018_447.pcap,tcp_407509,tcp,407509,HOIC,Malware,DDoS,HOIC
Wednesday-21-02-2018_447.pcap,tcp_861870,tcp,861870,HOIC,Malware,DDoS,HOIC
Wednesday-21-02-2018_447.pcap,tcp_462596,tcp,462596,HOIC,Malware,DDoS,HOIC
Wednesday-21-02-2018_447.pcap,tcp_570186,tcp,570186,HOIC,Malware,DDoS,HOIC
Wednesday-21-02-2018_447.pcap,tcp_245993,tcp,245993,HOIC,Malware,DDoS,HOIC
Wednesday-21-02-2018_447.pcap,tcp_214459,tcp,214459,HOIC,Malware,DDoS,HOIC
Wednesday-21-02-2018_447.pcap,tcp_973880,tcp,973880,HOIC,Malware,DDoS,HOIC
Wednesday-21-02-2018_447.pcap,tcp_385944,tcp,385944,HOIC,Malware,DDoS,HOIC
Wednesday-21-02-2018_447.pcap,tcp_576395,tcp,576395,HOIC,Malware,DDoS,HOIC
Wednesday-21-02-2018_447.pcap,tcp_510117,tcp,510117,HOIC,Malware,DDoS,HOIC
Wednesday-21-02-2018_447.pcap,tcp_270235,tcp,270235,HOIC,Malware,DDoS,HOIC
Wednesday-21-02-2018_447.pcap,tcp_508522,tcp,508522,HOIC,Malware,DDoS,HOIC
Wednesday-21-02-2018_447.pcap,tcp_377618,tcp,377618,HOIC,Malware,DDoS,HOIC
Wednesday-21-02-2018_447.pcap,tcp_124194,tcp,124194,HOIC,Malware,DDoS,HOIC
Wednesday-21-02-2018_447.pcap,tcp_84753,tcp,84753,HOIC,Malware,DDoS,HOIC
Wednesday-21-02-2018_447.pcap,tcp_713916,tcp,713916,HOIC,Malware,DDoS,HOIC
Wednesday-21-02-2018_447.pcap,tcp_429492,tcp,429492,HOIC,Malware,DDoS,HOIC
Wednesday-21-02-2018_447.pcap,tcp_157747,tcp,157747,HOIC,Malware,DDoS,HOIC
Wednesday-21-02-2018_447.pcap,tcp_663836,tcp,663836,HOIC,Malware,DDoS,HOIC
Wednesday-21-02-2018_447.pcap,tcp_101179,tcp,101179,HOIC,Malware,DDoS,HOIC
Wednesday-21-02-2018_447.pcap,tcp_402219,tcp,402219,HOIC,Malware,DDoS,HOIC
Wednesday-21-02-2018_447.pcap,tcp_136263,tcp,136263,HOIC,Malware,DDoS,HOIC
Wednesday-21-02-2018_447.pcap,tcp_725775,tcp,725775,HOIC,Malware,DDoS,HOIC
Wednesday-21-02-2018_447.pcap,tcp_799610,tcp,799610,HOIC,Malware,DDoS,HOIC
Wednesday-21-02-2018_447.pcap,tcp_501552,tcp,501552,HOIC,Malware,DDoS,HOIC
Wednesday-21-02-2018_447.pcap,tcp_812255,tcp,812255,HOIC,Malware,DDoS,HOIC
Wednesday-21-02-2018_447.pcap,tcp_590872,tcp,590872,HOIC,Malware,DDoS,HOIC
Wednesday-21-02-2018_447.pcap,tcp_1040590,tcp,1040590,HOIC,Malware,DDoS,HOIC
Wednesday-21-02-2018_447.pcap,tcp_333055,tcp,333055,HOIC,Malware,DDoS,HOIC
Wednesday-21-02-2018_447.pcap,tcp_616671,tcp,616671,HOIC,Malware,DDoS,HOIC
Wednesday-21-02-2018_447.pcap,tcp_783947,tcp,783947,HOIC,Malware,DDoS,HOIC
Wednesday-21-02-2018_447.pcap,tcp_607167,tcp,607167,HOIC,Malware,DDoS,HOIC
Wednesday-21-02-2018_447.pcap,tcp_615460,tcp,615460,HOIC,Malware,DDoS,HOIC
Wednesday-21-02-2018_447.pcap,tcp_589464,tcp,589464,HOIC,Malware,DDoS,HOIC
Wednesday-21-02-2018_447.pcap,tcp_85123,tcp,85123,HOIC,Malware,DDoS,HOIC
Wednesday-21-02-2018_447.pcap,tcp_884060,tcp,884060,HOIC,Malware,DDoS,HOIC
Wednesday-21-02-2018_447.pcap,tcp_455661,tcp,455661,HOIC,Malware,DDoS,HOIC
Wednesday-21-02-2018_447.pcap,tcp_805846,tcp,805846,HOIC,Malware,DDoS,HOIC
Wednesday-21-02-2018_447.pcap,tcp_767298,tcp,767298,HOIC,Malware,DDoS,HOIC
Wednesday-21-02-2018_447.pcap,tcp_573696,tcp,573696,HOIC,Malware,DDoS,HOIC
Wednesday-21-02-2018_447.pcap,tcp_193815,tcp,193815,HOIC,Malware,DDoS,HOIC
Wednesday-21-02-2018_447.pcap,tcp_386849,tcp,386849,HOIC,Malware,DDoS,HOIC
Wednesday-21-02-2018_447.pcap,tcp_502130,tcp,502130,HOIC,Malware,DDoS,HOIC
Wednesday-21-02-2018_447.pcap,tcp_304846,tcp,304846,HOIC,Malware,DDoS,HOIC
Wednesday-21-02-2018_447.pcap,tcp_290778,tcp,290778,HOIC,Malware,DDoS,HOIC
Wednesday-21-02-2018_447.pcap,tcp_452079,tcp,452079,HOIC,Malware,DDoS,HOIC
Wednesday-21-02-2018_447.pcap,tcp_431271,tcp,431271,HOIC,Malware,DDoS,HOIC
Wednesday-21-02-2018_447.pcap,tcp_322862,tcp,322862,HOIC,Malware,DDoS,HOIC
Wednesday-21-02-2018_447.pcap,tcp_641455,tcp,641455,HOIC,Malware,DDoS,HOIC
Wednesday-21-02-2018_447.pcap,tcp_385880,tcp,385880,HOIC,Malware,DDoS,HOIC
Wednesday-21-02-2018_447.pcap,tcp_416360,tcp,416360,HOIC,Malware,DDoS,HOIC
Wednesday-21-02-2018_447.pcap,tcp_488744,tcp,488744,HOIC,Malware,DDoS,HOIC
Wednesday-21-02-2018_447.pcap,tcp_158787,tcp,158787,HOIC,Malware,DDoS,HOIC
Wednesday-21-02-2018_447.pcap,tcp_62643,tcp,62643,HOIC,Malware,DDoS,HOIC
Wednesday-21-02-2018_447.pcap,tcp_73028,tcp,73028,HOIC,Malware,DDoS,HOIC
Wednesday-21-02-2018_447.pcap,tcp_727079,tcp,727079,HOIC,Malware,DDoS,HOIC
Wednesday-21-02-2018_447.pcap,tcp_433414,tcp,433414,HOIC,Malware,DDoS,HOIC
Wednesday-21-02-2018_447.pcap,tcp_553969,tcp,553969,HOIC,Malware,DDoS,HOIC
Wednesday-21-02-2018_447.pcap,tcp_30690,tcp,30690,HOIC,Malware,DDoS,HOIC
Wednesday-21-02-2018_447.pcap,tcp_43819,tcp,43819,HOIC,Malware,DDoS,HOIC
Wednesday-21-02-2018_447.pcap,tcp_444795,tcp,444795,HOIC,Malware,DDoS,HOIC
Wednesday-21-02-2018_447.pcap,tcp_535095,tcp,535095,HOIC,Malware,DDoS,HOIC
Wednesday-21-02-2018_447.pcap,tcp_982397,tcp,982397,HOIC,Malware,DDoS,HOIC
Wednesday-21-02-2018_447.pcap,tcp_433095,tcp,433095,HOIC,Malware,DDoS,HOIC
Wednesday-21-02-2018_447.pcap,tcp_874193,tcp,874193,HOIC,Malware,DDoS,HOIC
Wednesday-21-02-2018_447.pcap,tcp_841120,tcp,841120,HOIC,Malware,DDoS,HOIC
Wednesday-21-02-2018_447.pcap,tcp_565652,tcp,565652,HOIC,Malware,DDoS,HOIC
Wednesday-21-02-2018_447.pcap,tcp_685251,tcp,685251,HOIC,Malware,DDoS,HOIC
Wednesday-21-02-2018_447.pcap,tcp_948016,tcp,948016,HOIC,Malware,DDoS,HOIC
Wednesday-21-02-2018_447.pcap,tcp_932778,tcp,932778,HOIC,Malware,DDoS,HOIC
Wednesday-21-02-2018_447.pcap,tcp_769338,tcp,769338,HOIC,Malware,DDoS,HOIC
Wednesday-21-02-2018_447.pcap,tcp_472990,tcp,472990,HOIC,Malware,DDoS,HOIC
Wednesday-21-02-2018_447.pcap,tcp_253949,tcp,253949,HOIC,Malware,DDoS,HOIC
Wednesday-21-02-2018_447.pcap,tcp_149686,tcp,149686,HOIC,Malware,DDoS,HOIC
Wednesday-21-02-2018_447.pcap,tcp_949126,tcp,949126,HOIC,Malware,DDoS,HOIC
Wednesday-21-02-2018_447.pcap,tcp_66624,tcp,66624,HOIC,Malware,DDoS,HOIC
Wednesday-21-02-2018_447.pcap,tcp_948883,tcp,948883,HOIC,Malware,DDoS,HOIC
Wednesday-21-02-2018_447.pcap,tcp_442828,tcp,442828,HOIC,Malware,DDoS,HOIC
Wednesday-21-02-2018_447.pcap,tcp_811547,tcp,811547,HOIC,Malware,DDoS,HOIC
Wednesday-21-02-2018_447.pcap,tcp_648878,tcp,648878,HOIC,Malware,DDoS,HOIC
Wednesday-21-02-2018_447.pcap,tcp_588170,tcp,588170,HOIC,Malware,DDoS,HOIC
Wednesday-21-02-2018_447.pcap,tcp_900123,tcp,900123,HOIC,Malware,DDoS,HOIC
Wednesday-21-02-2018_447.pcap,tcp_1015943,tcp,1015943,HOIC,Malware,DDoS,HOIC
Wednesday-21-02-2018_447.pcap,tcp_404533,tcp,404533,HOIC,Malware,DDoS,HOIC
Wednesday-21-02-2018_447.pcap,tcp_436531,tcp,436531,HOIC,Malware,DDoS,HOIC
Wednesday-21-02-2018_447.pcap,tcp_990815,tcp,990815,HOIC,Malware,DDoS,HOIC
Wednesday-21-02-2018_447.pcap,tcp_844052,tcp,844052,HOIC,Malware,DDoS,HOIC
Wednesday-21-02-2018_447.pcap,tcp_100471,tcp,100471,HOIC,Malware,DDoS,HOIC
Wednesday-21-02-2018_447.pcap,tcp_248190,tcp,248190,HOIC,Malware,DDoS,HOIC
Wednesday-21-02-2018_447.pcap,tcp_375787,tcp,375787,HOIC,Malware,DDoS,HOIC
Wednesday-21-02-2018_447.pcap,tcp_411054,tcp,411054,HOIC,Malware,DDoS,HOIC
Wednesday-21-02-2018_447.pcap,tcp_627923,tcp,627923,HOIC,Malware,DDoS,HOIC
Wednesday-21-02-2018_447.pcap,tcp_621244,tcp,621244,HOIC,Malware,DDoS,HOIC
Wednesday-21-02-2018_447.pcap,tcp_311711,tcp,311711,HOIC,Malware,DDoS,HOIC
Wednesday-21-02-2018_447.pcap,tcp_808133,tcp,808133,HOIC,Malware,DDoS,HOIC
Wednesday-21-02-2018_447.pcap,tcp_177238,tcp,177238,HOIC,Malware,DDoS,HOIC
Wednesday-21-02-2018_447.pcap,tcp_164475,tcp,164475,HOIC,Malware,DDoS,HOIC
Wednesday-21-02-2018_447.pcap,tcp_526270,tcp,526270,HOIC,Malware,DDoS,HOIC
Wednesday-21-02-2018_447.pcap,tcp_641864,tcp,641864,HOIC,Malware,DDoS,HOIC
Wednesday-21-02-2018_447.pcap,tcp_799184,tcp,799184,HOIC,Malware,DDoS,HOIC
Wednesday-21-02-2018_447.pcap,tcp_752523,tcp,752523,HOIC,Malware,DDoS,HOIC
Wednesday-21-02-2018_447.pcap,tcp_422536,tcp,422536,HOIC,Malware,DDoS,HOIC
Wednesday-21-02-2018_447.pcap,tcp_23751,tcp,23751,HOIC,Malware,DDoS,HOIC
Wednesday-21-02-2018_447.pcap,tcp_385704,tcp,385704,HOIC,Malware,DDoS,HOIC
Wednesday-21-02-2018_447.pcap,tcp_520344,tcp,520344,HOIC,Malware,DDoS,HOIC
Wednesday-21-02-2018_447.pcap,tcp_618302,tcp,618302,HOIC,Malware,DDoS,HOIC
Wednesday-21-02-2018_447.pcap,tcp_448943,tcp,448943,HOIC,Malware,DDoS,HOIC
Wednesday-21-02-2018_447.pcap,tcp_975158,tcp,975158,HOIC,Malware,DDoS,HOIC
Wednesday-21-02-2018_447.pcap,tcp_608387,tcp,608387,HOIC,Malware,DDoS,HOIC
Wednesday-21-02-2018_447.pcap,tcp_758225,tcp,758225,HOIC,Malware,DDoS,HOIC
Wednesday-21-02-2018_447.pcap,tcp_133984,tcp,133984,HOIC,Malware,DDoS,HOIC
Wednesday-21-02-2018_447.pcap,tcp_458464,tcp,458464,HOIC,Malware,DDoS,HOIC
Wednesday-21-02-2018_447.pcap,tcp_207446,tcp,207446,HOIC,Malware,DDoS,HOIC
Wednesday-21-02-2018_447.pcap,tcp_102232,tcp,102232,HOIC,Malware,DDoS,HOIC
Wednesday-21-02-2018_447.pcap,tcp_196286,tcp,196286,HOIC,Malware,DDoS,HOIC
Wednesday-21-02-2018_447.pcap,tcp_643175,tcp,643175,HOIC,Malware,DDoS,HOIC
Wednesday-21-02-2018_447.pcap,tcp_1037665,tcp,1037665,HOIC,Malware,DDoS,HOIC
Wednesday-21-02-2018_447.pcap,tcp_692689,tcp,692689,HOIC,Malware,DDoS,HOIC
Wednesday-21-02-2018_447.pcap,tcp_148954,tcp,148954,HOIC,Malware,DDoS,HOIC
Wednesday-21-02-2018_447.pcap,tcp_97963,tcp,97963,HOIC,Malware,DDoS,HOIC
Wednesday-21-02-2018_447.pcap,tcp_836032,tcp,836032,HOIC,Malware,DDoS,HOIC
Wednesday-21-02-2018_447.pcap,tcp_34305,tcp,34305,HOIC,Malware,DDoS,HOIC
Wednesday-21-02-2018_447.pcap,tcp_564052,tcp,564052,HOIC,Malware,DDoS,HOIC
Wednesday-21-02-2018_447.pcap,tcp_461774,tcp,461774,HOIC,Malware,DDoS,HOIC
Wednesday-21-02-2018_447.pcap,tcp_1040810,tcp,1040810,HOIC,Malware,DDoS,HOIC
Wednesday-21-02-2018_447.pcap,tcp_574863,tcp,574863,HOIC,Malware,DDoS,HOIC
Wednesday-21-02-2018_447.pcap,tcp_669099,tcp,669099,HOIC,Malware,DDoS,HOIC
Wednesday-21-02-2018_447.pcap,tcp_106989,tcp,106989,HOIC,Malware,DDoS,HOIC
Wednesday-21-02-2018_447.pcap,tcp_896393,tcp,896393,HOIC,Malware,DDoS,HOIC
Wednesday-21-02-2018_447.pcap,tcp_896849,tcp,896849,HOIC,Malware,DDoS,HOIC
Wednesday-21-02-2018_447.pcap,tcp_712725,tcp,712725,HOIC,Malware,DDoS,HOIC
Wednesday-21-02-2018_447.pcap,tcp_95578,tcp,95578,HOIC,Malware,DDoS,HOIC
Wednesday-21-02-2018_447.pcap,tcp_297611,tcp,297611,HOIC,Malware,DDoS,HOIC
Wednesday-21-02-2018_447.pcap,tcp_21534,tcp,21534,HOIC,Malware,DDoS,HOIC
Wednesday-21-02-2018_447.pcap,tcp_529851,tcp,529851,HOIC,Malware,DDoS,HOIC
Wednesday-21-02-2018_447.pcap,tcp_323570,tcp,323570,HOIC,Malware,DDoS,HOIC
Wednesday-21-02-2018_447.pcap,tcp_849332,tcp,849332,HOIC,Malware,DDoS,HOIC
Wednesday-21-02-2018_447.pcap,tcp_12152,tcp,12152,HOIC,Malware,DDoS,HOIC
Wednesday-21-02-2018_447.pcap,tcp_58626,tcp,58626,HOIC,Malware,DDoS,HOIC
Wednesday-21-02-2018_447.pcap,tcp_477658,tcp,477658,HOIC,Malware,DDoS,HOIC
Wednesday-21-02-2018_447.pcap,tcp_368782,tcp,368782,HOIC,Malware,DDoS,HOIC
Wednesday-21-02-2018_447.pcap,tcp_420150,tcp,420150,HOIC,Malware,DDoS,HOIC
Wednesday-21-02-2018_447.pcap,tcp_498507,tcp,498507,HOIC,Malware,DDoS,HOIC
Wednesday-21-02-2018_447.pcap,tcp_1054789,tcp,1054789,HOIC,Malware,DDoS,HOIC
Wednesday-21-02-2018_447.pcap,tcp_169089,tcp,169089,HOIC,Malware,DDoS,HOIC
Wednesday-21-02-2018_447.pcap,tcp_262230,tcp,262230,HOIC,Malware,DDoS,HOIC
Wednesday-21-02-2018_447.pcap,tcp_1059201,tcp,1059201,HOIC,Malware,DDoS,HOIC
Wednesday-21-02-2018_447.pcap,tcp_482740,tcp,482740,HOIC,Malware,DDoS,HOIC
Wednesday-21-02-2018_447.pcap,tcp_231726,tcp,231726,HOIC,Malware,DDoS,HOIC
Wednesday-21-02-2018_447.pcap,tcp_842498,tcp,842498,HOIC,Malware,DDoS,HOIC
Wednesday-21-02-2018_447.pcap,tcp_358769,tcp,358769,HOIC,Malware,DDoS,HOIC
Wednesday-21-02-2018_447.pcap,tcp_826244,tcp,826244,HOIC,Malware,DDoS,HOIC
Wednesday-21-02-2018_447.pcap,tcp_792381,tcp,792381,HOIC,Malware,DDoS,HOIC
Wednesday-21-02-2018_447.pcap,tcp_592109,tcp,592109,HOIC,Malware,DDoS,HOIC
Wednesday-21-02-2018_447.pcap,tcp_1048642,tcp,1048642,HOIC,Malware,DDoS,HOIC
Wednesday-21-02-2018_447.pcap,tcp_302182,tcp,302182,HOIC,Malware,DDoS,HOIC
Wednesday-21-02-2018_447.pcap,tcp_662816,tcp,662816,HOIC,Malware,DDoS,HOIC
Wednesday-21-02-2018_447.pcap,tcp_540755,tcp,540755,HOIC,Malware,DDoS,HOIC
Wednesday-21-02-2018_447.pcap,tcp_471379,tcp,471379,HOIC,Malware,DDoS,HOIC
Wednesday-21-02-2018_447.pcap,tcp_99941,tcp,99941,HOIC,Malware,DDoS,HOIC
Wednesday-21-02-2018_447.pcap,tcp_739023,tcp,739023,HOIC,Malware,DDoS,HOIC
Wednesday-21-02-2018_447.pcap,tcp_775044,tcp,775044,HOIC,Malware,DDoS,HOIC
Wednesday-21-02-2018_447.pcap,tcp_613504,tcp,613504,HOIC,Malware,DDoS,HOIC
Wednesday-21-02-2018_447.pcap,tcp_176095,tcp,176095,HOIC,Malware,DDoS,HOIC
Wednesday-21-02-2018_447.pcap,tcp_580843,tcp,580843,HOIC,Malware,DDoS,HOIC
Wednesday-21-02-2018_447.pcap,tcp_46885,tcp,46885,HOIC,Malware,DDoS,HOIC
Wednesday-21-02-2018_447.pcap,tcp_625736,tcp,625736,HOIC,Malware,DDoS,HOIC
Wednesday-21-02-2018_447.pcap,tcp_190381,tcp,190381,HOIC,Malware,DDoS,HOIC
Wednesday-21-02-2018_447.pcap,tcp_323707,tcp,323707,HOIC,Malware,DDoS,HOIC
Wednesday-21-02-2018_447.pcap,tcp_670490,tcp,670490,HOIC,Malware,DDoS,HOIC
Wednesday-21-02-2018_447.pcap,tcp_369351,tcp,369351,HOIC,Malware,DDoS,HOIC
Wednesday-21-02-2018_447.pcap,tcp_905878,tcp,905878,HOIC,Malware,DDoS,HOIC
Wednesday-21-02-2018_447.pcap,tcp_725436,tcp,725436,HOIC,Malware,DDoS,HOIC
Wednesday-21-02-2018_447.pcap,tcp_1048985,tcp,1048985,HOIC,Malware,DDoS,HOIC
Wednesday-21-02-2018_447.pcap,tcp_433372,tcp,433372,HOIC,Malware,DDoS,HOIC
Wednesday-21-02-2018_447.pcap,tcp_154515,tcp,154515,HOIC,Malware,DDoS,HOIC
Wednesday-21-02-2018_447.pcap,tcp_357694,tcp,357694,HOIC,Malware,DDoS,HOIC
Wednesday-21-02-2018_447.pcap,tcp_97864,tcp,97864,HOIC,Malware,DDoS,HOIC
Wednesday-21-02-2018_447.pcap,tcp_1007209,tcp,1007209,HOIC,Malware,DDoS,HOIC
Wednesday-21-02-2018_447.pcap,tcp_837077,tcp,837077,HOIC,Malware,DDoS,HOIC
Wednesday-21-02-2018_447.pcap,tcp_988113,tcp,988113,HOIC,Malware,DDoS,HOIC
Wednesday-21-02-2018_447.pcap,tcp_937272,tcp,937272,HOIC,Malware,DDoS,HOIC
Wednesday-21-02-2018_447.pcap,tcp_371808,tcp,371808,HOIC,Malware,DDoS,HOIC
Wednesday-21-02-2018_447.pcap,tcp_62840,tcp,62840,HOIC,Malware,DDoS,HOIC
Wednesday-21-02-2018_447.pcap,tcp_37109,tcp,37109,HOIC,Malware,DDoS,HOIC
Wednesday-21-02-2018_447.pcap,tcp_736865,tcp,736865,HOIC,Malware,DDoS,HOIC
Wednesday-21-02-2018_447.pcap,tcp_174566,tcp,174566,HOIC,Malware,DDoS,HOIC
Wednesday-21-02-2018_447.pcap,tcp_582825,tcp,582825,HOIC,Malware,DDoS,HOIC
Wednesday-21-02-2018_447.pcap,tcp_683218,tcp,683218,HOIC,Malware,DDoS,HOIC
Wednesday-21-02-2018_447.pcap,tcp_426559,tcp,426559,HOIC,Malware,DDoS,HOIC
Wednesday-21-02-2018_447.pcap,tcp_364422,tcp,364422,HOIC,Malware,DDoS,HOIC
Wednesday-21-02-2018_447.pcap,tcp_1023890,tcp,1023890,HOIC,Malware,DDoS,HOIC
Wednesday-21-02-2018_447.pcap,tcp_79415,tcp,79415,HOIC,Malware,DDoS,HOIC
Wednesday-21-02-2018_447.pcap,tcp_932401,tcp,932401,HOIC,Malware,DDoS,HOIC
Wednesday-21-02-2018_447.pcap,tcp_16544,tcp,16544,HOIC,Malware,DDoS,HOIC
Wednesday-21-02-2018_447.pcap,tcp_106287,tcp,106287,HOIC,Malware,DDoS,HOIC
Wednesday-21-02-2018_447.pcap,tcp_142284,tcp,142284,HOIC,Malware,DDoS,HOIC
Wednesday-21-02-2018_447.pcap,tcp_881675,tcp,881675,HOIC,Malware,DDoS,HOIC
Wednesday-21-02-2018_447.pcap,tcp_228708,tcp,228708,HOIC,Malware,DDoS,HOIC
Wednesday-21-02-2018_447.pcap,tcp_857079,tcp,857079,HOIC,Malware,DDoS,HOIC
Wednesday-21-02-2018_447.pcap,tcp_89897,tcp,89897,HOIC,Malware,DDoS,HOIC
Wednesday-21-02-2018_447.pcap,tcp_274584,tcp,274584,HOIC,Malware,DDoS,HOIC
Wednesday-21-02-2018_447.pcap,tcp_310826,tcp,310826,HOIC,Malware,DDoS,HOIC
Wednesday-21-02-2018_447.pcap,tcp_478992,tcp,478992,HOIC,Malware,DDoS,HOIC
Wednesday-21-02-2018_447.pcap,tcp_222904,tcp,222904,HOIC,Malware,DDoS,HOIC
Wednesday-21-02-2018_447.pcap,tcp_937482,tcp,937482,HOIC,Malware,DDoS,HOIC
Wednesday-21-02-2018_447.pcap,tcp_151098,tcp,151098,HOIC,Malware,DDoS,HOIC
Wednesday-21-02-2018_447.pcap,tcp_797211,tcp,797211,HOIC,Malware,DDoS,HOIC
Wednesday-21-02-2018_447.pcap,tcp_292109,tcp,292109,HOIC,Malware,DDoS,HOIC
Wednesday-21-02-2018_447.pcap,tcp_500337,tcp,500337,HOIC,Malware,DDoS,HOIC
Wednesday-21-02-2018_447.pcap,tcp_477261,tcp,477261,HOIC,Malware,DDoS,HOIC
Wednesday-21-02-2018_447.pcap,tcp_392383,tcp,392383,HOIC,Malware,DDoS,HOIC
Wednesday-21-02-2018_447.pcap,tcp_1052112,tcp,1052112,HOIC,Malware,DDoS,HOIC
Wednesday-21-02-2018_447.pcap,tcp_596920,tcp,596920,HOIC,Malware,DDoS,HOIC
Wednesday-21-02-2018_447.pcap,tcp_142673,tcp,142673,HOIC,Malware,DDoS,HOIC
Wednesday-21-02-2018_447.pcap,tcp_479218,tcp,479218,HOIC,Malware,DDoS,HOIC
Wednesday-21-02-2018_447.pcap,tcp_856376,tcp,856376,HOIC,Malware,DDoS,HOIC
Wednesday-21-02-2018_447.pcap,tcp_1060742,tcp,1060742,HOIC,Malware,DDoS,HOIC
Wednesday-21-02-2018_447.pcap,tcp_166867,tcp,166867,HOIC,Malware,DDoS,HOIC
Wednesday-21-02-2018_447.pcap,tcp_224006,tcp,224006,HOIC,Malware,DDoS,HOIC
Wednesday-21-02-2018_447.pcap,tcp_71391,tcp,71391,HOIC,Malware,DDoS,HOIC
Wednesday-21-02-2018_447.pcap,tcp_326378,tcp,326378,HOIC,Malware,DDoS,HOIC
Wednesday-21-02-2018_447.pcap,tcp_819891,tcp,819891,HOIC,Malware,DDoS,HOIC
Wednesday-21-02-2018_447.pcap,tcp_1029849,tcp,1029849,HOIC,Malware,DDoS,HOIC
Wednesday-21-02-2018_447.pcap,tcp_56895,tcp,56895,HOIC,Malware,DDoS,HOIC
Wednesday-21-02-2018_447.pcap,tcp_662865,tcp,662865,HOIC,Malware,DDoS,HOIC
Wednesday-21-02-2018_447.pcap,tcp_937992,tcp,937992,HOIC,Malware,DDoS,HOIC
Wednesday-21-02-2018_447.pcap,tcp_366393,tcp,366393,HOIC,Malware,DDoS,HOIC
Wednesday-21-02-2018_447.pcap,tcp_917493,tcp,917493,HOIC,Malware,DDoS,HOIC
Wednesday-21-02-2018_447.pcap,tcp_291862,tcp,291862,HOIC,Malware,DDoS,HOIC
Wednesday-21-02-2018_447.pcap,tcp_278637,tcp,278637,HOIC,Malware,DDoS,HOIC
Wednesday-21-02-2018_447.pcap,tcp_307125,tcp,307125,HOIC,Malware,DDoS,HOIC
Wednesday-21-02-2018_447.pcap,tcp_757981,tcp,757981,HOIC,Malware,DDoS,HOIC
Wednesday-21-02-2018_447.pcap,tcp_538773,tcp,538773,HOIC,Malware,DDoS,HOIC
Wednesday-21-02-2018_447.pcap,tcp_836725,tcp,836725,HOIC,Malware,DDoS,HOIC
Wednesday-21-02-2018_447.pcap,tcp_957112,tcp,957112,HOIC,Malware,DDoS,HOIC
Wednesday-21-02-2018_447.pcap,tcp_725620,tcp,725620,HOIC,Malware,DDoS,HOIC
Wednesday-21-02-2018_447.pcap,tcp_776093,tcp,776093,HOIC,Malware,DDoS,HOIC
Wednesday-21-02-2018_447.pcap,tcp_1071403,tcp,1071403,HOIC,Malware,DDoS,HOIC
Wednesday-21-02-2018_447.pcap,tcp_716053,tcp,716053,HOIC,Malware,DDoS,HOIC
Wednesday-21-02-2018_447.pcap,tcp_206788,tcp,206788,HOIC,Malware,DDoS,HOIC
Wednesday-21-02-2018_447.pcap,tcp_818241,tcp,818241,HOIC,Malware,DDoS,HOIC
Wednesday-21-02-2018_447.pcap,tcp_323319,tcp,323319,HOIC,Malware,DDoS,HOIC
Wednesday-21-02-2018_447.pcap,tcp_411550,tcp,411550,HOIC,Malware,DDoS,HOIC
Wednesday-21-02-2018_447.pcap,tcp_353726,tcp,353726,HOIC,Malware,DDoS,HOIC
Wednesday-21-02-2018_447.pcap,tcp_536344,tcp,536344,HOIC,Malware,DDoS,HOIC
Wednesday-21-02-2018_447.pcap,tcp_926477,tcp,926477,HOIC,Malware,DDoS,HOIC
Wednesday-21-02-2018_447.pcap,tcp_509554,tcp,509554,HOIC,Malware,DDoS,HOIC
Wednesday-21-02-2018_447.pcap,tcp_964422,tcp,964422,HOIC,Malware,DDoS,HOIC
Wednesday-21-02-2018_447.pcap,tcp_281482,tcp,281482,HOIC,Malware,DDoS,HOIC
Wednesday-21-02-2018_447.pcap,tcp_734925,tcp,734925,HOIC,Malware,DDoS,HOIC
Wednesday-21-02-2018_447.pcap,tcp_553742,tcp,553742,HOIC,Malware,DDoS,HOIC
Wednesday-21-02-2018_447.pcap,tcp_76020,tcp,76020,HOIC,Malware,DDoS,HOIC
Wednesday-21-02-2018_447.pcap,tcp_287750,tcp,287750,HOIC,Malware,DDoS,HOIC
Wednesday-21-02-2018_447.pcap,tcp_239992,tcp,239992,HOIC,Malware,DDoS,HOIC
Wednesday-21-02-2018_447.pcap,tcp_206823,tcp,206823,HOIC,Malware,DDoS,HOIC
Wednesday-21-02-2018_447.pcap,tcp_893404,tcp,893404,HOIC,Malware,DDoS,HOIC
Wednesday-21-02-2018_447.pcap,tcp_579308,tcp,579308,HOIC,Malware,DDoS,HOIC
Wednesday-21-02-2018_447.pcap,tcp_247402,tcp,247402,HOIC,Malware,DDoS,HOIC
Wednesday-21-02-2018_447.pcap,tcp_519633,tcp,519633,HOIC,Malware,DDoS,HOIC
Wednesday-21-02-2018_447.pcap,tcp_25661,tcp,25661,HOIC,Malware,DDoS,HOIC
Wednesday-21-02-2018_447.pcap,tcp_64291,tcp,64291,HOIC,Malware,DDoS,HOIC
Wednesday-21-02-2018_447.pcap,tcp_346696,tcp,346696,HOIC,Malware,DDoS,HOIC
Wednesday-21-02-2018_447.pcap,tcp_776915,tcp,776915,HOIC,Malware,DDoS,HOIC
Wednesday-21-02-2018_447.pcap,tcp_645483,tcp,645483,HOIC,Malware,DDoS,HOIC
Wednesday-21-02-2018_447.pcap,tcp_229785,tcp,229785,HOIC,Malware,DDoS,HOIC
Wednesday-21-02-2018_447.pcap,tcp_612416,tcp,612416,HOIC,Malware,DDoS,HOIC
Wednesday-21-02-2018_447.pcap,tcp_586486,tcp,586486,HOIC,Malware,DDoS,HOIC
Wednesday-21-02-2018_447.pcap,tcp_634576,tcp,634576,HOIC,Malware,DDoS,HOIC
Wednesday-21-02-2018_447.pcap,tcp_576617,tcp,576617,HOIC,Malware,DDoS,HOIC
Wednesday-21-02-2018_447.pcap,tcp_647219,tcp,647219,HOIC,Malware,DDoS,HOIC
Wednesday-21-02-2018_447.pcap,tcp_559030,tcp,559030,HOIC,Malware,DDoS,HOIC
Wednesday-21-02-2018_447.pcap,tcp_287969,tcp,287969,HOIC,Malware,DDoS,HOIC
Wednesday-21-02-2018_447.pcap,tcp_118150,tcp,118150,HOIC,Malware,DDoS,HOIC
Wednesday-21-02-2018_447.pcap,tcp_915937,tcp,915937,HOIC,Malware,DDoS,HOIC
Wednesday-21-02-2018_447.pcap,tcp_731687,tcp,731687,HOIC,Malware,DDoS,HOIC
Wednesday-21-02-2018_447.pcap,tcp_135267,tcp,135267,HOIC,Malware,DDoS,HOIC
Wednesday-21-02-2018_447.pcap,tcp_1066433,tcp,1066433,HOIC,Malware,DDoS,HOIC
Wednesday-21-02-2018_447.pcap,tcp_228511,tcp,228511,HOIC,Malware,DDoS,HOIC
Wednesday-21-02-2018_447.pcap,tcp_654812,tcp,654812,HOIC,Malware,DDoS,HOIC
Wednesday-21-02-2018_447.pcap,tcp_79886,tcp,79886,HOIC,Malware,DDoS,HOIC
Wednesday-21-02-2018_447.pcap,tcp_476019,tcp,476019,HOIC,Malware,DDoS,HOIC
Wednesday-21-02-2018_447.pcap,tcp_780927,tcp,780927,HOIC,Malware,DDoS,HOIC
Wednesday-21-02-2018_447.pcap,tcp_895639,tcp,895639,HOIC,Malware,DDoS,HOIC
Wednesday-21-02-2018_447.pcap,tcp_481793,tcp,481793,HOIC,Malware,DDoS,HOIC
Wednesday-21-02-2018_447.pcap,tcp_1015213,tcp,1015213,HOIC,Malware,DDoS,HOIC
Wednesday-21-02-2018_447.pcap,tcp_1001296,tcp,1001296,HOIC,Malware,DDoS,HOIC
Wednesday-21-02-2018_447.pcap,tcp_691410,tcp,691410,HOIC,Malware,DDoS,HOIC
Wednesday-21-02-2018_447.pcap,tcp_220022,tcp,220022,HOIC,Malware,DDoS,HOIC
Wednesday-21-02-2018_447.pcap,tcp_45911,tcp,45911,HOIC,Malware,DDoS,HOIC
Wednesday-21-02-2018_447.pcap,tcp_175488,tcp,175488,HOIC,Malware,DDoS,HOIC
Wednesday-21-02-2018_447.pcap,tcp_854483,tcp,854483,HOIC,Malware,DDoS,HOIC
Wednesday-21-02-2018_447.pcap,tcp_187600,tcp,187600,HOIC,Malware,DDoS,HOIC
Wednesday-21-02-2018_447.pcap,tcp_155071,tcp,155071,HOIC,Malware,DDoS,HOIC
Wednesday-21-02-2018_447.pcap,tcp_500300,tcp,500300,HOIC,Malware,DDoS,HOIC
Wednesday-21-02-2018_447.pcap,tcp_170407,tcp,170407,HOIC,Malware,DDoS,HOIC
Wednesday-21-02-2018_447.pcap,tcp_84764,tcp,84764,HOIC,Malware,DDoS,HOIC
Wednesday-21-02-2018_447.pcap,tcp_40815,tcp,40815,HOIC,Malware,DDoS,HOIC
Wednesday-21-02-2018_447.pcap,tcp_707078,tcp,707078,HOIC,Malware,DDoS,HOIC
Wednesday-21-02-2018_447.pcap,tcp_60563,tcp,60563,HOIC,Malware,DDoS,HOIC
Wednesday-21-02-2018_447.pcap,tcp_100659,tcp,100659,HOIC,Malware,DDoS,HOIC
Wednesday-21-02-2018_447.pcap,tcp_843463,tcp,843463,HOIC,Malware,DDoS,HOIC
Wednesday-21-02-2018_447.pcap,tcp_743830,tcp,743830,HOIC,Malware,DDoS,HOIC
Wednesday-21-02-2018_447.pcap,tcp_837339,tcp,837339,HOIC,Malware,DDoS,HOIC
Wednesday-21-02-2018_447.pcap,tcp_56445,tcp,56445,HOIC,Malware,DDoS,HOIC
Wednesday-21-02-2018_447.pcap,tcp_818233,tcp,818233,HOIC,Malware,DDoS,HOIC
Wednesday-21-02-2018_447.pcap,tcp_344639,tcp,344639,HOIC,Malware,DDoS,HOIC
Wednesday-21-02-2018_447.pcap,tcp_616451,tcp,616451,HOIC,Malware,DDoS,HOIC
Wednesday-21-02-2018_447.pcap,tcp_618486,tcp,618486,HOIC,Malware,DDoS,HOIC
Wednesday-21-02-2018_447.pcap,tcp_602786,tcp,602786,HOIC,Malware,DDoS,HOIC
Wednesday-21-02-2018_447.pcap,tcp_1002905,tcp,1002905,HOIC,Malware,DDoS,HOIC
Wednesday-21-02-2018_447.pcap,tcp_487623,tcp,487623,HOIC,Malware,DDoS,HOIC
Wednesday-21-02-2018_447.pcap,tcp_342791,tcp,342791,HOIC,Malware,DDoS,HOIC
Wednesday-21-02-2018_447.pcap,tcp_1057742,tcp,1057742,HOIC,Malware,DDoS,HOIC
Wednesday-21-02-2018_447.pcap,tcp_395210,tcp,395210,HOIC,Malware,DDoS,HOIC
Wednesday-21-02-2018_447.pcap,tcp_193187,tcp,193187,HOIC,Malware,DDoS,HOIC
Wednesday-21-02-2018_447.pcap,tcp_245474,tcp,245474,HOIC,Malware,DDoS,HOIC
Wednesday-21-02-2018_447.pcap,tcp_920537,tcp,920537,HOIC,Malware,DDoS,HOIC
Wednesday-21-02-2018_447.pcap,tcp_363947,tcp,363947,HOIC,Malware,DDoS,HOIC
Wednesday-21-02-2018_447.pcap,tcp_872430,tcp,872430,HOIC,Malware,DDoS,HOIC
Wednesday-21-02-2018_447.pcap,tcp_336576,tcp,336576,HOIC,Malware,DDoS,HOIC
Wednesday-21-02-2018_447.pcap,tcp_861762,tcp,861762,HOIC,Malware,DDoS,HOIC
Wednesday-21-02-2018_447.pcap,tcp_73359,tcp,73359,HOIC,Malware,DDoS,HOIC
Wednesday-21-02-2018_447.pcap,tcp_590813,tcp,590813,HOIC,Malware,DDoS,HOIC
Wednesday-21-02-2018_447.pcap,tcp_793247,tcp,793247,HOIC,Malware,DDoS,HOIC
Wednesday-21-02-2018_447.pcap,tcp_465397,tcp,465397,HOIC,Malware,DDoS,HOIC
Wednesday-21-02-2018_447.pcap,tcp_487105,tcp,487105,HOIC,Malware,DDoS,HOIC
Wednesday-21-02-2018_447.pcap,tcp_830553,tcp,830553,HOIC,Malware,DDoS,HOIC
Wednesday-21-02-2018_447.pcap,tcp_645884,tcp,645884,HOIC,Malware,DDoS,HOIC
Wednesday-21-02-2018_447.pcap,tcp_304822,tcp,304822,HOIC,Malware,DDoS,HOIC
Wednesday-21-02-2018_447.pcap,tcp_678657,tcp,678657,HOIC,Malware,DDoS,HOIC
Wednesday-21-02-2018_447.pcap,tcp_546884,tcp,546884,HOIC,Malware,DDoS,HOIC
Wednesday-21-02-2018_447.pcap,tcp_975774,tcp,975774,HOIC,Malware,DDoS,HOIC
Wednesday-21-02-2018_447.pcap,tcp_7786,tcp,7786,HOIC,Malware,DDoS,HOIC
Wednesday-21-02-2018_447.pcap,tcp_654202,tcp,654202,HOIC,Malware,DDoS,HOIC
Wednesday-21-02-2018_447.pcap,tcp_892972,tcp,892972,HOIC,Malware,DDoS,HOIC
Wednesday-21-02-2018_447.pcap,tcp_427294,tcp,427294,HOIC,Malware,DDoS,HOIC
Wednesday-21-02-2018_447.pcap,tcp_322291,tcp,322291,HOIC,Malware,DDoS,HOIC
Wednesday-21-02-2018_447.pcap,tcp_880740,tcp,880740,HOIC,Malware,DDoS,HOIC
Wednesday-21-02-2018_447.pcap,tcp_962102,tcp,962102,HOIC,Malware,DDoS,HOIC
Wednesday-21-02-2018_447.pcap,tcp_316869,tcp,316869,HOIC,Malware,DDoS,HOIC
Wednesday-21-02-2018_447.pcap,tcp_986989,tcp,986989,HOIC,Malware,DDoS,HOIC
Wednesday-21-02-2018_447.pcap,tcp_808587,tcp,808587,HOIC,Malware,DDoS,HOIC
Wednesday-21-02-2018_447.pcap,tcp_861809,tcp,861809,HOIC,Malware,DDoS,HOIC
Wednesday-21-02-2018_447.pcap,tcp_484053,tcp,484053,HOIC,Malware,DDoS,HOIC
Wednesday-21-02-2018_447.pcap,tcp_49787,tcp,49787,HOIC,Malware,DDoS,HOIC
Wednesday-21-02-2018_447.pcap,tcp_530637,tcp,530637,HOIC,Malware,DDoS,HOIC
Wednesday-21-02-2018_447.pcap,tcp_105185,tcp,105185,HOIC,Malware,DDoS,HOIC
Wednesday-21-02-2018_447.pcap,tcp_26110,tcp,26110,HOIC,Malware,DDoS,HOIC
Wednesday-21-02-2018_447.pcap,tcp_712610,tcp,712610,HOIC,Malware,DDoS,HOIC
Wednesday-21-02-2018_447.pcap,tcp_257372,tcp,257372,HOIC,Malware,DDoS,HOIC
Wednesday-21-02-2018_447.pcap,tcp_269009,tcp,269009,HOIC,Malware,DDoS,HOIC
Wednesday-21-02-2018_447.pcap,tcp_615029,tcp,615029,HOIC,Malware,DDoS,HOIC
Wednesday-21-02-2018_447.pcap,tcp_282120,tcp,282120,HOIC,Malware,DDoS,HOIC
Wednesday-21-02-2018_447.pcap,tcp_66919,tcp,66919,HOIC,Malware,DDoS,HOIC
Wednesday-21-02-2018_447.pcap,tcp_433062,tcp,433062,HOIC,Malware,DDoS,HOIC
Wednesday-21-02-2018_447.pcap,tcp_983321,tcp,983321,HOIC,Malware,DDoS,HOIC
Wednesday-21-02-2018_447.pcap,tcp_108951,tcp,108951,HOIC,Malware,DDoS,HOIC
Wednesday-21-02-2018_447.pcap,tcp_594704,tcp,594704,HOIC,Malware,DDoS,HOIC
Wednesday-21-02-2018_447.pcap,tcp_478507,tcp,478507,HOIC,Malware,DDoS,HOIC
Wednesday-21-02-2018_447.pcap,tcp_269831,tcp,269831,HOIC,Malware,DDoS,HOIC
Wednesday-21-02-2018_447.pcap,tcp_316787,tcp,316787,HOIC,Malware,DDoS,HOIC
Wednesday-21-02-2018_447.pcap,tcp_756296,tcp,756296,HOIC,Malware,DDoS,HOIC
Wednesday-21-02-2018_447.pcap,tcp_841215,tcp,841215,HOIC,Malware,DDoS,HOIC
Wednesday-21-02-2018_447.pcap,tcp_297183,tcp,297183,HOIC,Malware,DDoS,HOIC
Wednesday-21-02-2018_447.pcap,tcp_912960,tcp,912960,HOIC,Malware,DDoS,HOIC
Wednesday-21-02-2018_447.pcap,tcp_678448,tcp,678448,HOIC,Malware,DDoS,HOIC
Wednesday-21-02-2018_447.pcap,tcp_166220,tcp,166220,HOIC,Malware,DDoS,HOIC
Wednesday-21-02-2018_447.pcap,tcp_307552,tcp,307552,HOIC,Malware,DDoS,HOIC
Wednesday-21-02-2018_447.pcap,tcp_1069924,tcp,1069924,HOIC,Malware,DDoS,HOIC
Wednesday-21-02-2018_447.pcap,tcp_290016,tcp,290016,HOIC,Malware,DDoS,HOIC
Wednesday-21-02-2018_447.pcap,tcp_4958,tcp,4958,HOIC,Malware,DDoS,HOIC
Wednesday-21-02-2018_447.pcap,tcp_348700,tcp,348700,HOIC,Malware,DDoS,HOIC
Wednesday-21-02-2018_447.pcap,tcp_164720,tcp,164720,HOIC,Malware,DDoS,HOIC
Wednesday-21-02-2018_447.pcap,tcp_55671,tcp,55671,HOIC,Malware,DDoS,HOIC
Wednesday-21-02-2018_447.pcap,tcp_613711,tcp,613711,HOIC,Malware,DDoS,HOIC
Wednesday-21-02-2018_447.pcap,tcp_108974,tcp,108974,HOIC,Malware,DDoS,HOIC
Wednesday-21-02-2018_447.pcap,tcp_512560,tcp,512560,HOIC,Malware,DDoS,HOIC
Wednesday-21-02-2018_447.pcap,tcp_452921,tcp,452921,HOIC,Malware,DDoS,HOIC
Wednesday-21-02-2018_447.pcap,tcp_960565,tcp,960565,HOIC,Malware,DDoS,HOIC
Wednesday-21-02-2018_447.pcap,tcp_680261,tcp,680261,HOIC,Malware,DDoS,HOIC
Wednesday-21-02-2018_447.pcap,tcp_255514,tcp,255514,HOIC,Malware,DDoS,HOIC
Wednesday-21-02-2018_447.pcap,tcp_116599,tcp,116599,HOIC,Malware,DDoS,HOIC
Wednesday-21-02-2018_447.pcap,tcp_371865,tcp,371865,HOIC,Malware,DDoS,HOIC
Wednesday-21-02-2018_447.pcap,tcp_342442,tcp,342442,HOIC,Malware,DDoS,HOIC
Wednesday-21-02-2018_447.pcap,tcp_127540,tcp,127540,HOIC,Malware,DDoS,HOIC
Wednesday-21-02-2018_447.pcap,tcp_936475,tcp,936475,HOIC,Malware,DDoS,HOIC
Wednesday-21-02-2018_447.pcap,tcp_639435,tcp,639435,HOIC,Malware,DDoS,HOIC
Wednesday-21-02-2018_447.pcap,tcp_521658,tcp,521658,HOIC,Malware,DDoS,HOIC
Wednesday-21-02-2018_447.pcap,tcp_314116,tcp,314116,HOIC,Malware,DDoS,HOIC
Wednesday-21-02-2018_447.pcap,tcp_122249,tcp,122249,HOIC,Malware,DDoS,HOIC
Wednesday-21-02-2018_447.pcap,tcp_131233,tcp,131233,HOIC,Malware,DDoS,HOIC
Wednesday-21-02-2018_447.pcap,tcp_1031343,tcp,1031343,HOIC,Malware,DDoS,HOIC
Wednesday-21-02-2018_447.pcap,tcp_258527,tcp,258527,HOIC,Malware,DDoS,HOIC
Wednesday-21-02-2018_447.pcap,tcp_491353,tcp,491353,HOIC,Malware,DDoS,HOIC
Wednesday-21-02-2018_447.pcap,tcp_917649,tcp,917649,HOIC,Malware,DDoS,HOIC
Wednesday-21-02-2018_447.pcap,tcp_966287,tcp,966287,HOIC,Malware,DDoS,HOIC
Wednesday-21-02-2018_447.pcap,tcp_912377,tcp,912377,HOIC,Malware,DDoS,HOIC
Wednesday-21-02-2018_447.pcap,tcp_74371,tcp,74371,HOIC,Malware,DDoS,HOIC
Wednesday-21-02-2018_447.pcap,tcp_386675,tcp,386675,HOIC,Malware,DDoS,HOIC
Wednesday-21-02-2018_447.pcap,tcp_174642,tcp,174642,HOIC,Malware,DDoS,HOIC
Wednesday-21-02-2018_447.pcap,tcp_844490,tcp,844490,HOIC,Malware,DDoS,HOIC
Wednesday-21-02-2018_447.pcap,tcp_492622,tcp,492622,HOIC,Malware,DDoS,HOIC
Wednesday-21-02-2018_447.pcap,tcp_841229,tcp,841229,HOIC,Malware,DDoS,HOIC
Wednesday-21-02-2018_447.pcap,tcp_754662,tcp,754662,HOIC,Malware,DDoS,HOIC
Wednesday-21-02-2018_447.pcap,tcp_999861,tcp,999861,HOIC,Malware,DDoS,HOIC
Wednesday-21-02-2018_447.pcap,tcp_1036117,tcp,1036117,HOIC,Malware,DDoS,HOIC
Wednesday-21-02-2018_447.pcap,tcp_324877,tcp,324877,HOIC,Malware,DDoS,HOIC
Wednesday-21-02-2018_447.pcap,tcp_387723,tcp,387723,HOIC,Malware,DDoS,HOIC
Wednesday-21-02-2018_447.pcap,tcp_352862,tcp,352862,HOIC,Malware,DDoS,HOIC
Wednesday-21-02-2018_447.pcap,tcp_519710,tcp,519710,HOIC,Malware,DDoS,HOIC
Wednesday-21-02-2018_447.pcap,tcp_809,tcp,809,HOIC,Malware,DDoS,HOIC
Wednesday-21-02-2018_447.pcap,tcp_948942,tcp,948942,HOIC,Malware,DDoS,HOIC
Wednesday-21-02-2018_447.pcap,tcp_549370,tcp,549370,HOIC,Malware,DDoS,HOIC
Wednesday-21-02-2018_447.pcap,tcp_165466,tcp,165466,HOIC,Malware,DDoS,HOIC
Wednesday-21-02-2018_447.pcap,tcp_728320,tcp,728320,HOIC,Malware,DDoS,HOIC
Wednesday-21-02-2018_447.pcap,tcp_502472,tcp,502472,HOIC,Malware,DDoS,HOIC
Wednesday-21-02-2018_447.pcap,tcp_794374,tcp,794374,HOIC,Malware,DDoS,HOIC
Wednesday-21-02-2018_447.pcap,tcp_328013,tcp,328013,HOIC,Malware,DDoS,HOIC
Wednesday-21-02-2018_447.pcap,tcp_508778,tcp,508778,HOIC,Malware,DDoS,HOIC
Wednesday-21-02-2018_447.pcap,tcp_899435,tcp,899435,HOIC,Malware,DDoS,HOIC
Wednesday-21-02-2018_447.pcap,tcp_828926,tcp,828926,HOIC,Malware,DDoS,HOIC
Wednesday-21-02-2018_447.pcap,tcp_385713,tcp,385713,HOIC,Malware,DDoS,HOIC
Wednesday-21-02-2018_447.pcap,tcp_203239,tcp,203239,HOIC,Malware,DDoS,HOIC
Wednesday-21-02-2018_447.pcap,tcp_459537,tcp,459537,HOIC,Malware,DDoS,HOIC
Wednesday-21-02-2018_447.pcap,tcp_820334,tcp,820334,HOIC,Malware,DDoS,HOIC
Wednesday-21-02-2018_447.pcap,tcp_642306,tcp,642306,HOIC,Malware,DDoS,HOIC
Wednesday-21-02-2018_447.pcap,tcp_1066253,tcp,1066253,HOIC,Malware,DDoS,HOIC
Wednesday-21-02-2018_447.pcap,tcp_68718,tcp,68718,HOIC,Malware,DDoS,HOIC
Wednesday-21-02-2018_447.pcap,tcp_281803,tcp,281803,HOIC,Malware,DDoS,HOIC
Wednesday-21-02-2018_447.pcap,tcp_860032,tcp,860032,HOIC,Malware,DDoS,HOIC
Wednesday-21-02-2018_447.pcap,tcp_503843,tcp,503843,HOIC,Malware,DDoS,HOIC
Wednesday-21-02-2018_447.pcap,tcp_351007,tcp,351007,HOIC,Malware,DDoS,HOIC
Wednesday-21-02-2018_447.pcap,tcp_1030256,tcp,1030256,HOIC,Malware,DDoS,HOIC
Wednesday-21-02-2018_447.pcap,tcp_322296,tcp,322296,HOIC,Malware,DDoS,HOIC
Wednesday-21-02-2018_447.pcap,tcp_21727,tcp,21727,HOIC,Malware,DDoS,HOIC
Wednesday-21-02-2018_447.pcap,tcp_982471,tcp,982471,HOIC,Malware,DDoS,HOIC
Wednesday-21-02-2018_447.pcap,tcp_967815,tcp,967815,HOIC,Malware,DDoS,HOIC
Wednesday-21-02-2018_447.pcap,tcp_1039041,tcp,1039041,HOIC,Malware,DDoS,HOIC
Wednesday-21-02-2018_447.pcap,tcp_623243,tcp,623243,HOIC,Malware,DDoS,HOIC
Wednesday-21-02-2018_447.pcap,tcp_283037,tcp,283037,HOIC,Malware,DDoS,HOIC
Wednesday-21-02-2018_447.pcap,tcp_485080,tcp,485080,HOIC,Malware,DDoS,HOIC
Wednesday-21-02-2018_447.pcap,tcp_91363,tcp,91363,HOIC,Malware,DDoS,HOIC
Wednesday-21-02-2018_447.pcap,tcp_473736,tcp,473736,HOIC,Malware,DDoS,HOIC
Wednesday-21-02-2018_447.pcap,tcp_1020395,tcp,1020395,HOIC,Malware,DDoS,HOIC
Wednesday-21-02-2018_447.pcap,tcp_15509,tcp,15509,HOIC,Malware,DDoS,HOIC
Wednesday-21-02-2018_447.pcap,tcp_370273,tcp,370273,HOIC,Malware,DDoS,HOIC
Wednesday-21-02-2018_447.pcap,tcp_593277,tcp,593277,HOIC,Malware,DDoS,HOIC
Wednesday-21-02-2018_447.pcap,tcp_349077,tcp,349077,HOIC,Malware,DDoS,HOIC
Wednesday-21-02-2018_447.pcap,tcp_251911,tcp,251911,HOIC,Malware,DDoS,HOIC
Wednesday-21-02-2018_447.pcap,tcp_347205,tcp,347205,HOIC,Malware,DDoS,HOIC
Wednesday-21-02-2018_447.pcap,tcp_689969,tcp,689969,HOIC,Malware,DDoS,HOIC
Wednesday-21-02-2018_447.pcap,tcp_208150,tcp,208150,HOIC,Malware,DDoS,HOIC
Wednesday-21-02-2018_447.pcap,tcp_488281,tcp,488281,HOIC,Malware,DDoS,HOIC
Wednesday-21-02-2018_447.pcap,tcp_757223,tcp,757223,HOIC,Malware,DDoS,HOIC
Wednesday-21-02-2018_447.pcap,tcp_104973,tcp,104973,HOIC,Malware,DDoS,HOIC
Wednesday-21-02-2018_447.pcap,tcp_807075,tcp,807075,HOIC,Malware,DDoS,HOIC
Wednesday-21-02-2018_447.pcap,tcp_1058192,tcp,1058192,HOIC,Malware,DDoS,HOIC
Wednesday-21-02-2018_447.pcap,tcp_651738,tcp,651738,HOIC,Malware,DDoS,HOIC
Wednesday-21-02-2018_447.pcap,tcp_616725,tcp,616725,HOIC,Malware,DDoS,HOIC
Wednesday-21-02-2018_447.pcap,tcp_301443,tcp,301443,HOIC,Malware,DDoS,HOIC
Wednesday-21-02-2018_447.pcap,tcp_348692,tcp,348692,HOIC,Malware,DDoS,HOIC
Wednesday-21-02-2018_447.pcap,tcp_713443,tcp,713443,HOIC,Malware,DDoS,HOIC
Wednesday-21-02-2018_447.pcap,tcp_861328,tcp,861328,HOIC,Malware,DDoS,HOIC
Wednesday-21-02-2018_447.pcap,tcp_743001,tcp,743001,HOIC,Malware,DDoS,HOIC
Wednesday-21-02-2018_447.pcap,tcp_523932,tcp,523932,HOIC,Malware,DDoS,HOIC
Wednesday-21-02-2018_447.pcap,tcp_956551,tcp,956551,HOIC,Malware,DDoS,HOIC
Wednesday-21-02-2018_447.pcap,tcp_878130,tcp,878130,HOIC,Malware,DDoS,HOIC
Wednesday-21-02-2018_447.pcap,tcp_713956,tcp,713956,HOIC,Malware,DDoS,HOIC
Wednesday-21-02-2018_447.pcap,tcp_338270,tcp,338270,HOIC,Malware,DDoS,HOIC
Wednesday-21-02-2018_447.pcap,tcp_24013,tcp,24013,HOIC,Malware,DDoS,HOIC
Thursday-15-02-2018_449.pcap,tcp_26221,tcp,26221,GoldenEye,Malware,DoS,GoldenEye
Thursday-15-02-2018_449.pcap,tcp_14589,tcp,14589,GoldenEye,Malware,DoS,GoldenEye
Thursday-15-02-2018_449.pcap,tcp_2634,tcp,2634,GoldenEye,Malware,DoS,GoldenEye
Thursday-15-02-2018_449.pcap,tcp_13443,tcp,13443,GoldenEye,Malware,DoS,GoldenEye
Thursday-15-02-2018_449.pcap,tcp_5123,tcp,5123,GoldenEye,Malware,DoS,GoldenEye
Thursday-15-02-2018_449.pcap,tcp_17027,tcp,17027,GoldenEye,Malware,DoS,GoldenEye
Thursday-15-02-2018_449.pcap,tcp_21224,tcp,21224,GoldenEye,Malware,DoS,GoldenEye
Thursday-15-02-2018_449.pcap,tcp_25392,tcp,25392,GoldenEye,Malware,DoS,GoldenEye
Thursday-15-02-2018_449.pcap,tcp_10050,tcp,10050,GoldenEye,Malware,DoS,GoldenEye
Thursday-15-02-2018_449.pcap,tcp_15396,tcp,15396,GoldenEye,Malware,DoS,GoldenEye
Thursday-15-02-2018_449.pcap,tcp_12391,tcp,12391,GoldenEye,Malware,DoS,GoldenEye
Thursday-15-02-2018_449.pcap,tcp_24461,tcp,24461,GoldenEye,Malware,DoS,GoldenEye
Thursday-15-02-2018_449.pcap,tcp_20145,tcp,20145,GoldenEye,Malware,DoS,GoldenEye
Thursday-15-02-2018_449.pcap,tcp_3414,tcp,3414,GoldenEye,Malware,DoS,GoldenEye
Thursday-15-02-2018_449.pcap,tcp_8625,tcp,8625,GoldenEye,Malware,DoS,GoldenEye
Thursday-15-02-2018_449.pcap,tcp_1032,tcp,1032,GoldenEye,Malware,DoS,GoldenEye
Thursday-15-02-2018_449.pcap,tcp_15849,tcp,15849,GoldenEye,Malware,DoS,GoldenEye
Thursday-15-02-2018_449.pcap,tcp_16257,tcp,16257,GoldenEye,Malware,DoS,GoldenEye
Thursday-15-02-2018_449.pcap,tcp_24245,tcp,24245,GoldenEye,Malware,DoS,GoldenEye
Thursday-15-02-2018_449.pcap,tcp_16240,tcp,16240,GoldenEye,Malware,DoS,GoldenEye
Thursday-15-02-2018_449.pcap,tcp_8942,tcp,8942,GoldenEye,Malware,DoS,GoldenEye
Thursday-15-02-2018_449.pcap,tcp_16515,tcp,16515,GoldenEye,Malware,DoS,GoldenEye
Thursday-15-02-2018_449.pcap,tcp_17121,tcp,17121,GoldenEye,Malware,DoS,GoldenEye
Thursday-15-02-2018_449.pcap,tcp_12085,tcp,12085,GoldenEye,Malware,DoS,GoldenEye
Thursday-15-02-2018_449.pcap,tcp_3950,tcp,3950,GoldenEye,Malware,DoS,GoldenEye
Thursday-15-02-2018_449.pcap,tcp_19923,tcp,19923,GoldenEye,Malware,DoS,GoldenEye
Thursday-15-02-2018_449.pcap,tcp_3405,tcp,3405,GoldenEye,Malware,DoS,GoldenEye
Thursday-15-02-2018_449.pcap,tcp_494,tcp,494,GoldenEye,Malware,DoS,GoldenEye
Thursday-15-02-2018_449.pcap,tcp_18167,tcp,18167,GoldenEye,Malware,DoS,GoldenEye
Thursday-15-02-2018_449.pcap,tcp_21890,tcp,21890,GoldenEye,Malware,DoS,GoldenEye
Thursday-15-02-2018_449.pcap,tcp_10428,tcp,10428,GoldenEye,Malware,DoS,GoldenEye
Thursday-15-02-2018_449.pcap,tcp_16765,tcp,16765,GoldenEye,Malware,DoS,GoldenEye
Thursday-15-02-2018_449.pcap,tcp_22130,tcp,22130,GoldenEye,Malware,DoS,GoldenEye
Thursday-15-02-2018_449.pcap,tcp_9768,tcp,9768,GoldenEye,Malware,DoS,GoldenEye
Thursday-15-02-2018_449.pcap,tcp_24857,tcp,24857,GoldenEye,Malware,DoS,GoldenEye
Thursday-15-02-2018_449.pcap,tcp_10783,tcp,10783,GoldenEye,Malware,DoS,GoldenEye
Thursday-15-02-2018_449.pcap,tcp_490,tcp,490,GoldenEye,Malware,DoS,GoldenEye
Thursday-15-02-2018_449.pcap,tcp_15248,tcp,15248,GoldenEye,Malware,DoS,GoldenEye
Thursday-15-02-2018_449.pcap,tcp_5539,tcp,5539,GoldenEye,Malware,DoS,GoldenEye
Thursday-15-02-2018_449.pcap,tcp_26482,tcp,26482,GoldenEye,Malware,DoS,GoldenEye
Thursday-15-02-2018_449.pcap,tcp_17005,tcp,17005,GoldenEye,Malware,DoS,GoldenEye
Thursday-15-02-2018_449.pcap,tcp_21452,tcp,21452,GoldenEye,Malware,DoS,GoldenEye
Thursday-15-02-2018_449.pcap,tcp_3640,tcp,3640,GoldenEye,Malware,DoS,GoldenEye
Thursday-15-02-2018_449.pcap,tcp_8816,tcp,8816,GoldenEye,Malware,DoS,GoldenEye
Thursday-15-02-2018_449.pcap,tcp_15371,tcp,15371,GoldenEye,Malware,DoS,GoldenEye
Thursday-15-02-2018_449.pcap,tcp_20574,tcp,20574,GoldenEye,Malware,DoS,GoldenEye
Thursday-15-02-2018_449.pcap,tcp_6801,tcp,6801,GoldenEye,Malware,DoS,GoldenEye
Thursday-15-02-2018_449.pcap,tcp_24538,tcp,24538,GoldenEye,Malware,DoS,GoldenEye
Thursday-15-02-2018_449.pcap,tcp_25320,tcp,25320,GoldenEye,Malware,DoS,GoldenEye
Thursday-15-02-2018_449.pcap,tcp_19162,tcp,19162,GoldenEye,Malware,DoS,GoldenEye
Thursday-15-02-2018_449.pcap,tcp_12694,tcp,12694,GoldenEye,Malware,DoS,GoldenEye
Thursday-15-02-2018_449.pcap,tcp_18186,tcp,18186,GoldenEye,Malware,DoS,GoldenEye
Thursday-15-02-2018_449.pcap,tcp_16569,tcp,16569,GoldenEye,Malware,DoS,GoldenEye
Thursday-15-02-2018_449.pcap,tcp_8421,tcp,8421,GoldenEye,Malware,DoS,GoldenEye
Thursday-15-02-2018_449.pcap,tcp_601,tcp,601,GoldenEye,Malware,DoS,GoldenEye
Thursday-15-02-2018_449.pcap,tcp_18043,tcp,18043,GoldenEye,Malware,DoS,GoldenEye
Thursday-15-02-2018_449.pcap,tcp_24881,tcp,24881,GoldenEye,Malware,DoS,GoldenEye
Thursday-15-02-2018_449.pcap,tcp_449,tcp,449,GoldenEye,Malware,DoS,GoldenEye
Thursday-15-02-2018_449.pcap,tcp_4896,tcp,4896,GoldenEye,Malware,DoS,GoldenEye
Thursday-15-02-2018_449.pcap,tcp_6349,tcp,6349,GoldenEye,Malware,DoS,GoldenEye
Thursday-15-02-2018_449.pcap,tcp_1445,tcp,1445,GoldenEye,Malware,DoS,GoldenEye
Thursday-15-02-2018_449.pcap,tcp_17407,tcp,17407,GoldenEye,Malware,DoS,GoldenEye
Thursday-15-02-2018_449.pcap,tcp_23349,tcp,23349,GoldenEye,Malware,DoS,GoldenEye
Thursday-15-02-2018_449.pcap,tcp_6213,tcp,6213,GoldenEye,Malware,DoS,GoldenEye
Thursday-15-02-2018_449.pcap,tcp_26251,tcp,26251,GoldenEye,Malware,DoS,GoldenEye
Thursday-15-02-2018_449.pcap,tcp_18352,tcp,18352,GoldenEye,Malware,DoS,GoldenEye
Thursday-15-02-2018_449.pcap,tcp_9577,tcp,9577,GoldenEye,Malware,DoS,GoldenEye
Thursday-15-02-2018_449.pcap,tcp_9696,tcp,9696,GoldenEye,Malware,DoS,GoldenEye
Thursday-15-02-2018_449.pcap,tcp_20668,tcp,20668,GoldenEye,Malware,DoS,GoldenEye
Thursday-15-02-2018_449.pcap,tcp_16111,tcp,16111,GoldenEye,Malware,DoS,GoldenEye
Thursday-15-02-2018_449.pcap,tcp_22173,tcp,22173,GoldenEye,Malware,DoS,GoldenEye
Thursday-15-02-2018_449.pcap,tcp_26739,tcp,26739,GoldenEye,Malware,DoS,GoldenEye
Thursday-15-02-2018_449.pcap,tcp_2287,tcp,2287,GoldenEye,Malware,DoS,GoldenEye
Thursday-15-02-2018_449.pcap,tcp_5014,tcp,5014,GoldenEye,Malware,DoS,GoldenEye
Thursday-15-02-2018_449.pcap,tcp_26220,tcp,26220,GoldenEye,Malware,DoS,GoldenEye
Thursday-15-02-2018_449.pcap,tcp_2333,tcp,2333,GoldenEye,Malware,DoS,GoldenEye
Thursday-15-02-2018_449.pcap,tcp_12048,tcp,12048,GoldenEye,Malware,DoS,GoldenEye
Thursday-15-02-2018_449.pcap,tcp_15855,tcp,15855,GoldenEye,Malware,DoS,GoldenEye
Thursday-15-02-2018_449.pcap,tcp_13719,tcp,13719,GoldenEye,Malware,DoS,GoldenEye
Thursday-15-02-2018_449.pcap,tcp_25544,tcp,25544,GoldenEye,Malware,DoS,GoldenEye
Thursday-15-02-2018_449.pcap,tcp_8596,tcp,8596,GoldenEye,Malware,DoS,GoldenEye
Thursday-15-02-2018_449.pcap,tcp_14994,tcp,14994,GoldenEye,Malware,DoS,GoldenEye
Thursday-15-02-2018_449.pcap,tcp_26181,tcp,26181,GoldenEye,Malware,DoS,GoldenEye
Thursday-15-02-2018_449.pcap,tcp_6469,tcp,6469,GoldenEye,Malware,DoS,GoldenEye
Thursday-15-02-2018_449.pcap,tcp_6151,tcp,6151,GoldenEye,Malware,DoS,GoldenEye
Thursday-15-02-2018_449.pcap,tcp_4422,tcp,4422,GoldenEye,Malware,DoS,GoldenEye
Thursday-15-02-2018_449.pcap,tcp_6382,tcp,6382,GoldenEye,Malware,DoS,GoldenEye
Thursday-15-02-2018_449.pcap,tcp_11816,tcp,11816,GoldenEye,Malware,DoS,GoldenEye
Thursday-15-02-2018_449.pcap,tcp_1066,tcp,1066,GoldenEye,Malware,DoS,GoldenEye
Thursday-15-02-2018_449.pcap,tcp_26747,tcp,26747,GoldenEye,Malware,DoS,GoldenEye
Thursday-15-02-2018_449.pcap,tcp_12488,tcp,12488,GoldenEye,Malware,DoS,GoldenEye
Thursday-15-02-2018_449.pcap,tcp_18762,tcp,18762,GoldenEye,Malware,DoS,GoldenEye
Thursday-15-02-2018_449.pcap,tcp_5827,tcp,5827,GoldenEye,Malware,DoS,GoldenEye
Thursday-15-02-2018_449.pcap,tcp_20385,tcp,20385,GoldenEye,Malware,DoS,GoldenEye
Thursday-15-02-2018_449.pcap,tcp_5874,tcp,5874,GoldenEye,Malware,DoS,GoldenEye
Thursday-15-02-2018_449.pcap,tcp_23787,tcp,23787,GoldenEye,Malware,DoS,GoldenEye
Thursday-15-02-2018_449.pcap,tcp_5578,tcp,5578,GoldenEye,Malware,DoS,GoldenEye
Thursday-15-02-2018_449.pcap,tcp_11915,tcp,11915,GoldenEye,Malware,DoS,GoldenEye
Thursday-15-02-2018_449.pcap,tcp_5599,tcp,5599,GoldenEye,Malware,DoS,GoldenEye
Thursday-15-02-2018_449.pcap,tcp_24838,tcp,24838,GoldenEye,Malware,DoS,GoldenEye
Thursday-15-02-2018_449.pcap,tcp_14422,tcp,14422,GoldenEye,Malware,DoS,GoldenEye
Thursday-15-02-2018_449.pcap,tcp_17831,tcp,17831,GoldenEye,Malware,DoS,GoldenEye
Thursday-15-02-2018_449.pcap,tcp_26956,tcp,26956,GoldenEye,Malware,DoS,GoldenEye
Thursday-15-02-2018_449.pcap,tcp_11690,tcp,11690,GoldenEye,Malware,DoS,GoldenEye
Thursday-15-02-2018_449.pcap,tcp_16966,tcp,16966,GoldenEye,Malware,DoS,GoldenEye
Thursday-15-02-2018_449.pcap,tcp_21410,tcp,21410,GoldenEye,Malware,DoS,GoldenEye
Thursday-15-02-2018_449.pcap,tcp_4589,tcp,4589,GoldenEye,Malware,DoS,GoldenEye
Thursday-15-02-2018_449.pcap,tcp_21396,tcp,21396,GoldenEye,Malware,DoS,GoldenEye
Thursday-15-02-2018_449.pcap,tcp_6260,tcp,6260,GoldenEye,Malware,DoS,GoldenEye
Thursday-15-02-2018_449.pcap,tcp_6776,tcp,6776,GoldenEye,Malware,DoS,GoldenEye
Thursday-15-02-2018_449.pcap,tcp_22858,tcp,22858,GoldenEye,Malware,DoS,GoldenEye
Thursday-15-02-2018_449.pcap,tcp_17617,tcp,17617,GoldenEye,Malware,DoS,GoldenEye
Thursday-15-02-2018_449.pcap,tcp_4475,tcp,4475,GoldenEye,Malware,DoS,GoldenEye
Thursday-15-02-2018_449.pcap,tcp_4101,tcp,4101,GoldenEye,Malware,DoS,GoldenEye
Thursday-15-02-2018_449.pcap,tcp_1721,tcp,1721,GoldenEye,Malware,DoS,GoldenEye
Thursday-15-02-2018_449.pcap,tcp_6638,tcp,6638,GoldenEye,Malware,DoS,GoldenEye
Thursday-15-02-2018_449.pcap,tcp_24608,tcp,24608,GoldenEye,Malware,DoS,GoldenEye
Thursday-15-02-2018_449.pcap,tcp_11785,tcp,11785,GoldenEye,Malware,DoS,GoldenEye
Thursday-15-02-2018_449.pcap,tcp_12526,tcp,12526,GoldenEye,Malware,DoS,GoldenEye
Thursday-15-02-2018_449.pcap,tcp_26297,tcp,26297,GoldenEye,Malware,DoS,GoldenEye
Thursday-15-02-2018_449.pcap,tcp_25545,tcp,25545,GoldenEye,Malware,DoS,GoldenEye
Thursday-15-02-2018_449.pcap,tcp_9261,tcp,9261,GoldenEye,Malware,DoS,GoldenEye
Thursday-15-02-2018_449.pcap,tcp_12493,tcp,12493,GoldenEye,Malware,DoS,GoldenEye
Thursday-15-02-2018_449.pcap,tcp_8772,tcp,8772,GoldenEye,Malware,DoS,GoldenEye
Thursday-15-02-2018_449.pcap,tcp_18479,tcp,18479,GoldenEye,Malware,DoS,GoldenEye
Thursday-15-02-2018_449.pcap,tcp_5176,tcp,5176,GoldenEye,Malware,DoS,GoldenEye
Thursday-15-02-2018_449.pcap,tcp_18192,tcp,18192,GoldenEye,Malware,DoS,GoldenEye
Thursday-15-02-2018_449.pcap,tcp_26399,tcp,26399,GoldenEye,Malware,DoS,GoldenEye
Thursday-15-02-2018_449.pcap,tcp_11826,tcp,11826,GoldenEye,Malware,DoS,GoldenEye
Thursday-15-02-2018_449.pcap,tcp_15163,tcp,15163,GoldenEye,Malware,DoS,GoldenEye
Thursday-15-02-2018_449.pcap,tcp_6752,tcp,6752,GoldenEye,Malware,DoS,GoldenEye
Thursday-15-02-2018_449.pcap,tcp_4146,tcp,4146,GoldenEye,Malware,DoS,GoldenEye
Thursday-15-02-2018_449.pcap,tcp_18381,tcp,18381,GoldenEye,Malware,DoS,GoldenEye
Thursday-15-02-2018_449.pcap,tcp_21349,tcp,21349,GoldenEye,Malware,DoS,GoldenEye
Thursday-15-02-2018_449.pcap,tcp_20548,tcp,20548,GoldenEye,Malware,DoS,GoldenEye
Thursday-15-02-2018_449.pcap,tcp_9064,tcp,9064,GoldenEye,Malware,DoS,GoldenEye
Thursday-15-02-2018_449.pcap,tcp_2386,tcp,2386,GoldenEye,Malware,DoS,GoldenEye
Thursday-15-02-2018_449.pcap,tcp_4022,tcp,4022,GoldenEye,Malware,DoS,GoldenEye
Thursday-15-02-2018_449.pcap,tcp_10438,tcp,10438,GoldenEye,Malware,DoS,GoldenEye
Thursday-15-02-2018_449.pcap,tcp_26793,tcp,26793,GoldenEye,Malware,DoS,GoldenEye
Thursday-15-02-2018_449.pcap,tcp_16682,tcp,16682,GoldenEye,Malware,DoS,GoldenEye
Thursday-15-02-2018_449.pcap,tcp_12319,tcp,12319,GoldenEye,Malware,DoS,GoldenEye
Thursday-15-02-2018_449.pcap,tcp_23601,tcp,23601,GoldenEye,Malware,DoS,GoldenEye
Thursday-15-02-2018_449.pcap,tcp_5139,tcp,5139,GoldenEye,Malware,DoS,GoldenEye
Thursday-15-02-2018_449.pcap,tcp_3292,tcp,3292,GoldenEye,Malware,DoS,GoldenEye
Thursday-15-02-2018_449.pcap,tcp_12380,tcp,12380,GoldenEye,Malware,DoS,GoldenEye
Thursday-15-02-2018_449.pcap,tcp_11906,tcp,11906,GoldenEye,Malware,DoS,GoldenEye
Thursday-15-02-2018_449.pcap,tcp_11607,tcp,11607,GoldenEye,Malware,DoS,GoldenEye
Thursday-15-02-2018_449.pcap,tcp_5592,tcp,5592,GoldenEye,Malware,DoS,GoldenEye
Thursday-15-02-2018_449.pcap,tcp_3560,tcp,3560,GoldenEye,Malware,DoS,GoldenEye
Thursday-15-02-2018_449.pcap,tcp_21542,tcp,21542,GoldenEye,Malware,DoS,GoldenEye
Thursday-15-02-2018_449.pcap,tcp_19431,tcp,19431,GoldenEye,Malware,DoS,GoldenEye
Thursday-15-02-2018_449.pcap,tcp_17402,tcp,17402,GoldenEye,Malware,DoS,GoldenEye
Thursday-15-02-2018_449.pcap,tcp_20139,tcp,20139,GoldenEye,Malware,DoS,GoldenEye
Thursday-15-02-2018_449.pcap,tcp_1777,tcp,1777,GoldenEye,Malware,DoS,GoldenEye
Thursday-15-02-2018_449.pcap,tcp_14693,tcp,14693,GoldenEye,Malware,DoS,GoldenEye
Thursday-15-02-2018_449.pcap,tcp_9140,tcp,9140,GoldenEye,Malware,DoS,GoldenEye
Thursday-15-02-2018_449.pcap,tcp_21833,tcp,21833,GoldenEye,Malware,DoS,GoldenEye
Thursday-15-02-2018_449.pcap,tcp_20437,tcp,20437,GoldenEye,Malware,DoS,GoldenEye
Thursday-15-02-2018_449.pcap,tcp_6391,tcp,6391,GoldenEye,Malware,DoS,GoldenEye
Thursday-15-02-2018_449.pcap,tcp_26983,tcp,26983,GoldenEye,Malware,DoS,GoldenEye
Thursday-15-02-2018_449.pcap,tcp_26323,tcp,26323,GoldenEye,Malware,DoS,GoldenEye
Thursday-15-02-2018_449.pcap,tcp_13747,tcp,13747,GoldenEye,Malware,DoS,GoldenEye
Thursday-15-02-2018_449.pcap,tcp_26158,tcp,26158,GoldenEye,Malware,DoS,GoldenEye
Thursday-15-02-2018_449.pcap,tcp_25297,tcp,25297,GoldenEye,Malware,DoS,GoldenEye
Thursday-15-02-2018_449.pcap,tcp_7346,tcp,7346,GoldenEye,Malware,DoS,GoldenEye
Thursday-15-02-2018_449.pcap,tcp_6333,tcp,6333,GoldenEye,Malware,DoS,GoldenEye
Thursday-15-02-2018_449.pcap,tcp_13560,tcp,13560,GoldenEye,Malware,DoS,GoldenEye
Thursday-15-02-2018_449.pcap,tcp_10938,tcp,10938,GoldenEye,Malware,DoS,GoldenEye
Thursday-15-02-2018_449.pcap,tcp_1457,tcp,1457,GoldenEye,Malware,DoS,GoldenEye
Thursday-15-02-2018_449.pcap,tcp_15883,tcp,15883,GoldenEye,Malware,DoS,GoldenEye
Thursday-15-02-2018_449.pcap,tcp_6408,tcp,6408,GoldenEye,Malware,DoS,GoldenEye
Thursday-15-02-2018_449.pcap,tcp_10307,tcp,10307,GoldenEye,Malware,DoS,GoldenEye
Thursday-15-02-2018_449.pcap,tcp_7957,tcp,7957,GoldenEye,Malware,DoS,GoldenEye
Thursday-15-02-2018_449.pcap,tcp_16718,tcp,16718,GoldenEye,Malware,DoS,GoldenEye
Thursday-15-02-2018_449.pcap,tcp_9055,tcp,9055,GoldenEye,Malware,DoS,GoldenEye
Thursday-15-02-2018_449.pcap,tcp_20307,tcp,20307,GoldenEye,Malware,DoS,GoldenEye
Thursday-15-02-2018_449.pcap,tcp_6022,tcp,6022,GoldenEye,Malware,DoS,GoldenEye
Thursday-15-02-2018_449.pcap,tcp_10852,tcp,10852,GoldenEye,Malware,DoS,GoldenEye
Thursday-15-02-2018_449.pcap,tcp_3821,tcp,3821,GoldenEye,Malware,DoS,GoldenEye
Thursday-15-02-2018_449.pcap,tcp_5500,tcp,5500,GoldenEye,Malware,DoS,GoldenEye
Thursday-15-02-2018_449.pcap,tcp_23000,tcp,23000,GoldenEye,Malware,DoS,GoldenEye
Thursday-15-02-2018_449.pcap,tcp_13193,tcp,13193,GoldenEye,Malware,DoS,GoldenEye
Thursday-15-02-2018_449.pcap,tcp_6127,tcp,6127,GoldenEye,Malware,DoS,GoldenEye
Thursday-15-02-2018_449.pcap,tcp_26645,tcp,26645,GoldenEye,Malware,DoS,GoldenEye
Thursday-15-02-2018_449.pcap,tcp_25686,tcp,25686,GoldenEye,Malware,DoS,GoldenEye
Thursday-15-02-2018_449.pcap,tcp_18731,tcp,18731,GoldenEye,Malware,DoS,GoldenEye
Thursday-15-02-2018_449.pcap,tcp_18090,tcp,18090,GoldenEye,Malware,DoS,GoldenEye
Thursday-15-02-2018_449.pcap,tcp_1579,tcp,1579,GoldenEye,Malware,DoS,GoldenEye
Thursday-15-02-2018_449.pcap,tcp_8373,tcp,8373,GoldenEye,Malware,DoS,GoldenEye
Thursday-15-02-2018_449.pcap,tcp_10026,tcp,10026,GoldenEye,Malware,DoS,GoldenEye
Thursday-15-02-2018_449.pcap,tcp_18056,tcp,18056,GoldenEye,Malware,DoS,GoldenEye
Thursday-15-02-2018_449.pcap,tcp_1489,tcp,1489,GoldenEye,Malware,DoS,GoldenEye
Thursday-15-02-2018_449.pcap,tcp_13108,tcp,13108,GoldenEye,Malware,DoS,GoldenEye
Thursday-15-02-2018_449.pcap,tcp_13561,tcp,13561,GoldenEye,Malware,DoS,GoldenEye
Thursday-15-02-2018_449.pcap,tcp_14616,tcp,14616,GoldenEye,Malware,DoS,GoldenEye
Thursday-15-02-2018_449.pcap,tcp_25676,tcp,25676,GoldenEye,Malware,DoS,GoldenEye
Thursday-15-02-2018_449.pcap,tcp_16155,tcp,16155,GoldenEye,Malware,DoS,GoldenEye
Thursday-15-02-2018_449.pcap,tcp_25441,tcp,25441,GoldenEye,Malware,DoS,GoldenEye
Thursday-15-02-2018_449.pcap,tcp_6208,tcp,6208,GoldenEye,Malware,DoS,GoldenEye
Thursday-15-02-2018_449.pcap,tcp_15131,tcp,15131,GoldenEye,Malware,DoS,GoldenEye
Thursday-15-02-2018_449.pcap,tcp_10054,tcp,10054,GoldenEye,Malware,DoS,GoldenEye
Thursday-15-02-2018_449.pcap,tcp_10418,tcp,10418,GoldenEye,Malware,DoS,GoldenEye
Thursday-15-02-2018_449.pcap,tcp_5384,tcp,5384,GoldenEye,Malware,DoS,GoldenEye
Thursday-15-02-2018_449.pcap,tcp_20894,tcp,20894,GoldenEye,Malware,DoS,GoldenEye
Thursday-15-02-2018_449.pcap,tcp_9838,tcp,9838,GoldenEye,Malware,DoS,GoldenEye
Thursday-15-02-2018_449.pcap,tcp_18173,tcp,18173,GoldenEye,Malware,DoS,GoldenEye
Thursday-15-02-2018_449.pcap,tcp_6879,tcp,6879,GoldenEye,Malware,DoS,GoldenEye
Thursday-15-02-2018_449.pcap,tcp_9918,tcp,9918,GoldenEye,Malware,DoS,GoldenEye
Thursday-15-02-2018_449.pcap,tcp_4047,tcp,4047,GoldenEye,Malware,DoS,GoldenEye
Thursday-15-02-2018_449.pcap,tcp_26242,tcp,26242,GoldenEye,Malware,DoS,GoldenEye
Thursday-15-02-2018_449.pcap,tcp_5893,tcp,5893,GoldenEye,Malware,DoS,GoldenEye
Thursday-15-02-2018_449.pcap,tcp_13510,tcp,13510,GoldenEye,Malware,DoS,GoldenEye
Thursday-15-02-2018_449.pcap,tcp_464,tcp,464,GoldenEye,Malware,DoS,GoldenEye
Thursday-15-02-2018_449.pcap,tcp_4063,tcp,4063,GoldenEye,Malware,DoS,GoldenEye
Thursday-15-02-2018_449.pcap,tcp_6350,tcp,6350,GoldenEye,Malware,DoS,GoldenEye
Thursday-15-02-2018_449.pcap,tcp_9567,tcp,9567,GoldenEye,Malware,DoS,GoldenEye
Thursday-15-02-2018_449.pcap,tcp_21423,tcp,21423,GoldenEye,Malware,DoS,GoldenEye
Thursday-15-02-2018_449.pcap,tcp_14056,tcp,14056,GoldenEye,Malware,DoS,GoldenEye
Thursday-15-02-2018_449.pcap,tcp_11181,tcp,11181,GoldenEye,Malware,DoS,GoldenEye
Thursday-15-02-2018_449.pcap,tcp_15367,tcp,15367,GoldenEye,Malware,DoS,GoldenEye
Thursday-15-02-2018_449.pcap,tcp_2952,tcp,2952,GoldenEye,Malware,DoS,GoldenEye
Thursday-15-02-2018_449.pcap,tcp_21520,tcp,21520,GoldenEye,Malware,DoS,GoldenEye
Thursday-15-02-2018_449.pcap,tcp_8495,tcp,8495,GoldenEye,Malware,DoS,GoldenEye
Thursday-15-02-2018_449.pcap,tcp_13979,tcp,13979,GoldenEye,Malware,DoS,GoldenEye
Thursday-15-02-2018_449.pcap,tcp_20879,tcp,20879,GoldenEye,Malware,DoS,GoldenEye
Thursday-15-02-2018_449.pcap,tcp_21508,tcp,21508,GoldenEye,Malware,DoS,GoldenEye
Thursday-15-02-2018_449.pcap,tcp_4117,tcp,4117,GoldenEye,Malware,DoS,GoldenEye
Thursday-15-02-2018_449.pcap,tcp_27043,tcp,27043,GoldenEye,Malware,DoS,GoldenEye
Thursday-15-02-2018_449.pcap,tcp_21545,tcp,21545,GoldenEye,Malware,DoS,GoldenEye
Thursday-15-02-2018_449.pcap,tcp_17455,tcp,17455,GoldenEye,Malware,DoS,GoldenEye
Thursday-15-02-2018_449.pcap,tcp_11107,tcp,11107,GoldenEye,Malware,DoS,GoldenEye
Thursday-15-02-2018_449.pcap,tcp_25659,tcp,25659,GoldenEye,Malware,DoS,GoldenEye
Thursday-15-02-2018_449.pcap,tcp_3862,tcp,3862,GoldenEye,Malware,DoS,GoldenEye
Thursday-15-02-2018_449.pcap,tcp_15188,tcp,15188,GoldenEye,Malware,DoS,GoldenEye
Thursday-15-02-2018_449.pcap,tcp_983,tcp,983,GoldenEye,Malware,DoS,GoldenEye
Thursday-15-02-2018_449.pcap,tcp_3186,tcp,3186,GoldenEye,Malware,DoS,GoldenEye
Thursday-15-02-2018_449.pcap,tcp_9502,tcp,9502,GoldenEye,Malware,DoS,GoldenEye
Thursday-15-02-2018_449.pcap,tcp_9955,tcp,9955,GoldenEye,Malware,DoS,GoldenEye
Thursday-15-02-2018_449.pcap,tcp_8780,tcp,8780,GoldenEye,Malware,DoS,GoldenEye
Thursday-15-02-2018_449.pcap,tcp_15218,tcp,15218,GoldenEye,Malware,DoS,GoldenEye
Thursday-15-02-2018_449.pcap,tcp_26758,tcp,26758,GoldenEye,Malware,DoS,GoldenEye
Thursday-15-02-2018_449.pcap,tcp_909,tcp,909,GoldenEye,Malware,DoS,GoldenEye
Thursday-15-02-2018_449.pcap,tcp_3717,tcp,3717,GoldenEye,Malware,DoS,GoldenEye
Thursday-15-02-2018_449.pcap,tcp_8375,tcp,8375,GoldenEye,Malware,DoS,GoldenEye
Thursday-15-02-2018_449.pcap,tcp_26354,tcp,26354,GoldenEye,Malware,DoS,GoldenEye
Thursday-15-02-2018_449.pcap,tcp_8717,tcp,8717,GoldenEye,Malware,DoS,GoldenEye
Thursday-15-02-2018_449.pcap,tcp_16055,tcp,16055,GoldenEye,Malware,DoS,GoldenEye
Thursday-15-02-2018_449.pcap,tcp_26458,tcp,26458,GoldenEye,Malware,DoS,GoldenEye
Thursday-15-02-2018_449.pcap,tcp_15612,tcp,15612,GoldenEye,Malware,DoS,GoldenEye
Thursday-15-02-2018_449.pcap,tcp_18072,tcp,18072,GoldenEye,Malware,DoS,GoldenEye
Thursday-15-02-2018_449.pcap,tcp_5824,tcp,5824,GoldenEye,Malware,DoS,GoldenEye
Thursday-15-02-2018_449.pcap,tcp_25464,tcp,25464,GoldenEye,Malware,DoS,GoldenEye
Thursday-15-02-2018_449.pcap,tcp_2423,tcp,2423,GoldenEye,Malware,DoS,GoldenEye
Thursday-15-02-2018_449.pcap,tcp_27045,tcp,27045,GoldenEye,Malware,DoS,GoldenEye
Thursday-15-02-2018_449.pcap,tcp_17367,tcp,17367,GoldenEye,Malware,DoS,GoldenEye
Thursday-15-02-2018_449.pcap,tcp_21359,tcp,21359,GoldenEye,Malware,DoS,GoldenEye
Thursday-15-02-2018_449.pcap,tcp_9059,tcp,9059,GoldenEye,Malware,DoS,GoldenEye
Thursday-15-02-2018_449.pcap,tcp_11291,tcp,11291,GoldenEye,Malware,DoS,GoldenEye
Thursday-15-02-2018_449.pcap,tcp_12587,tcp,12587,GoldenEye,Malware,DoS,GoldenEye
Thursday-15-02-2018_449.pcap,tcp_23555,tcp,23555,GoldenEye,Malware,DoS,GoldenEye
Thursday-15-02-2018_449.pcap,tcp_23755,tcp,23755,GoldenEye,Malware,DoS,GoldenEye
Thursday-15-02-2018_449.pcap,tcp_23368,tcp,23368,GoldenEye,Malware,DoS,GoldenEye
Thursday-15-02-2018_449.pcap,tcp_6419,tcp,6419,GoldenEye,Malware,DoS,GoldenEye
Thursday-15-02-2018_449.pcap,tcp_8357,tcp,8357,GoldenEye,Malware,DoS,GoldenEye
Thursday-15-02-2018_449.pcap,tcp_8064,tcp,8064,GoldenEye,Malware,DoS,GoldenEye
Thursday-15-02-2018_449.pcap,tcp_12517,tcp,12517,GoldenEye,Malware,DoS,GoldenEye
Thursday-15-02-2018_449.pcap,tcp_6211,tcp,6211,GoldenEye,Malware,DoS,GoldenEye
Thursday-15-02-2018_449.pcap,tcp_6125,tcp,6125,GoldenEye,Malware,DoS,GoldenEye
Thursday-15-02-2018_449.pcap,tcp_22680,tcp,22680,GoldenEye,Malware,DoS,GoldenEye
Thursday-15-02-2018_449.pcap,tcp_2145,tcp,2145,GoldenEye,Malware,DoS,GoldenEye
Thursday-15-02-2018_449.pcap,tcp_5448,tcp,5448,GoldenEye,Malware,DoS,GoldenEye
Thursday-15-02-2018_449.pcap,tcp_593,tcp,593,GoldenEye,Malware,DoS,GoldenEye
Thursday-15-02-2018_449.pcap,tcp_659,tcp,659,GoldenEye,Malware,DoS,GoldenEye
Thursday-15-02-2018_449.pcap,tcp_17750,tcp,17750,GoldenEye,Malware,DoS,GoldenEye
Thursday-15-02-2018_449.pcap,tcp_19459,tcp,19459,GoldenEye,Malware,DoS,GoldenEye
Thursday-15-02-2018_449.pcap,tcp_20756,tcp,20756,GoldenEye,Malware,DoS,GoldenEye
Thursday-15-02-2018_449.pcap,tcp_675,tcp,675,GoldenEye,Malware,DoS,GoldenEye
Thursday-15-02-2018_449.pcap,tcp_1062,tcp,1062,GoldenEye,Malware,DoS,GoldenEye
Thursday-15-02-2018_449.pcap,tcp_21432,tcp,21432,GoldenEye,Malware,DoS,GoldenEye
Thursday-15-02-2018_449.pcap,tcp_18182,tcp,18182,GoldenEye,Malware,DoS,GoldenEye
Thursday-15-02-2018_449.pcap,tcp_6183,tcp,6183,GoldenEye,Malware,DoS,GoldenEye
Thursday-15-02-2018_449.pcap,tcp_25783,tcp,25783,GoldenEye,Malware,DoS,GoldenEye
Thursday-15-02-2018_449.pcap,tcp_18457,tcp,18457,GoldenEye,Malware,DoS,GoldenEye
Thursday-15-02-2018_449.pcap,tcp_25730,tcp,25730,GoldenEye,Malware,DoS,GoldenEye
Thursday-15-02-2018_449.pcap,tcp_15048,tcp,15048,GoldenEye,Malware,DoS,GoldenEye
Thursday-15-02-2018_449.pcap,tcp_7345,tcp,7345,GoldenEye,Malware,DoS,GoldenEye
Thursday-15-02-2018_449.pcap,tcp_1332,tcp,1332,GoldenEye,Malware,DoS,GoldenEye
Thursday-15-02-2018_449.pcap,tcp_3348,tcp,3348,GoldenEye,Malware,DoS,GoldenEye
Thursday-15-02-2018_449.pcap,tcp_7927,tcp,7927,GoldenEye,Malware,DoS,GoldenEye
Thursday-15-02-2018_449.pcap,tcp_16828,tcp,16828,GoldenEye,Malware,DoS,GoldenEye
Thursday-15-02-2018_449.pcap,tcp_13319,tcp,13319,GoldenEye,Malware,DoS,GoldenEye
Thursday-15-02-2018_449.pcap,tcp_16941,tcp,16941,GoldenEye,Malware,DoS,GoldenEye
Thursday-15-02-2018_449.pcap,tcp_13608,tcp,13608,GoldenEye,Malware,DoS,GoldenEye
Thursday-15-02-2018_449.pcap,tcp_10464,tcp,10464,GoldenEye,Malware,DoS,GoldenEye
Thursday-15-02-2018_449.pcap,tcp_21819,tcp,21819,GoldenEye,Malware,DoS,GoldenEye
Thursday-15-02-2018_449.pcap,tcp_5239,tcp,5239,GoldenEye,Malware,DoS,GoldenEye
Thursday-15-02-2018_449.pcap,tcp_9698,tcp,9698,GoldenEye,Malware,DoS,GoldenEye
Thursday-15-02-2018_449.pcap,tcp_15511,tcp,15511,GoldenEye,Malware,DoS,GoldenEye
Thursday-15-02-2018_449.pcap,tcp_16445,tcp,16445,GoldenEye,Malware,DoS,GoldenEye
Thursday-15-02-2018_449.pcap,tcp_24876,tcp,24876,GoldenEye,Malware,DoS,GoldenEye
Thursday-15-02-2018_449.pcap,tcp_17350,tcp,17350,GoldenEye,Malware,DoS,GoldenEye
Thursday-15-02-2018_449.pcap,tcp_18727,tcp,18727,GoldenEye,Malware,DoS,GoldenEye
Thursday-15-02-2018_449.pcap,tcp_13198,tcp,13198,GoldenEye,Malware,DoS,GoldenEye
Thursday-15-02-2018_449.pcap,tcp_23042,tcp,23042,GoldenEye,Malware,DoS,GoldenEye
Thursday-15-02-2018_449.pcap,tcp_6439,tcp,6439,GoldenEye,Malware,DoS,GoldenEye
Thursday-15-02-2018_449.pcap,tcp_16835,tcp,16835,GoldenEye,Malware,DoS,GoldenEye
Thursday-15-02-2018_449.pcap,tcp_9993,tcp,9993,GoldenEye,Malware,DoS,GoldenEye
Thursday-15-02-2018_449.pcap,tcp_24761,tcp,24761,GoldenEye,Malware,DoS,GoldenEye
Thursday-15-02-2018_449.pcap,tcp_10368,tcp,10368,GoldenEye,Malware,DoS,GoldenEye
Thursday-15-02-2018_449.pcap,tcp_16296,tcp,16296,GoldenEye,Malware,DoS,GoldenEye
Thursday-15-02-2018_449.pcap,tcp_16355,tcp,16355,GoldenEye,Malware,DoS,GoldenEye
Thursday-15-02-2018_449.pcap,tcp_15932,tcp,15932,GoldenEye,Malware,DoS,GoldenEye
Thursday-15-02-2018_449.pcap,tcp_18716,tcp,18716,GoldenEye,Malware,DoS,GoldenEye
Thursday-15-02-2018_449.pcap,tcp_26582,tcp,26582,GoldenEye,Malware,DoS,GoldenEye
Thursday-15-02-2018_449.pcap,tcp_3958,tcp,3958,GoldenEye,Malware,DoS,GoldenEye
Thursday-15-02-2018_449.pcap,tcp_15257,tcp,15257,GoldenEye,Malware,DoS,GoldenEye
Thursday-15-02-2018_449.pcap,tcp_21876,tcp,21876,GoldenEye,Malware,DoS,GoldenEye
Thursday-15-02-2018_449.pcap,tcp_4098,tcp,4098,GoldenEye,Malware,DoS,GoldenEye
Thursday-15-02-2018_449.pcap,tcp_13600,tcp,13600,GoldenEye,Malware,DoS,GoldenEye
Thursday-15-02-2018_449.pcap,tcp_768,tcp,768,GoldenEye,Malware,DoS,GoldenEye
Thursday-15-02-2018_449.pcap,tcp_702,tcp,702,GoldenEye,Malware,DoS,GoldenEye
Thursday-15-02-2018_449.pcap,tcp_23617,tcp,23617,GoldenEye,Malware,DoS,GoldenEye
Thursday-15-02-2018_449.pcap,tcp_15906,tcp,15906,GoldenEye,Malware,DoS,GoldenEye
Thursday-15-02-2018_449.pcap,tcp_18361,tcp,18361,GoldenEye,Malware,DoS,GoldenEye
Thursday-15-02-2018_449.pcap,tcp_12837,tcp,12837,GoldenEye,Malware,DoS,GoldenEye
Thursday-15-02-2018_449.pcap,tcp_16439,tcp,16439,GoldenEye,Malware,DoS,GoldenEye
Thursday-15-02-2018_449.pcap,tcp_443,tcp,443,GoldenEye,Malware,DoS,GoldenEye
Thursday-15-02-2018_449.pcap,tcp_15436,tcp,15436,GoldenEye,Malware,DoS,GoldenEye
Thursday-15-02-2018_449.pcap,tcp_16625,tcp,16625,GoldenEye,Malware,DoS,GoldenEye
Thursday-15-02-2018_449.pcap,tcp_10653,tcp,10653,GoldenEye,Malware,DoS,GoldenEye
Thursday-15-02-2018_449.pcap,tcp_20904,tcp,20904,GoldenEye,Malware,DoS,GoldenEye
Thursday-15-02-2018_449.pcap,tcp_15824,tcp,15824,GoldenEye,Malware,DoS,GoldenEye
Thursday-15-02-2018_449.pcap,tcp_21226,tcp,21226,GoldenEye,Malware,DoS,GoldenEye
Thursday-15-02-2018_449.pcap,tcp_27061,tcp,27061,GoldenEye,Malware,DoS,GoldenEye
Thursday-15-02-2018_449.pcap,tcp_11316,tcp,11316,GoldenEye,Malware,DoS,GoldenEye
Thursday-15-02-2018_449.pcap,tcp_5699,tcp,5699,GoldenEye,Malware,DoS,GoldenEye
Thursday-15-02-2018_449.pcap,tcp_26601,tcp,26601,GoldenEye,Malware,DoS,GoldenEye
Thursday-15-02-2018_449.pcap,tcp_2646,tcp,2646,GoldenEye,Malware,DoS,GoldenEye
Thursday-15-02-2018_449.pcap,tcp_3845,tcp,3845,GoldenEye,Malware,DoS,GoldenEye
Thursday-15-02-2018_449.pcap,tcp_16054,tcp,16054,GoldenEye,Malware,DoS,GoldenEye
Thursday-15-02-2018_449.pcap,tcp_15788,tcp,15788,GoldenEye,Malware,DoS,GoldenEye
Thursday-15-02-2018_449.pcap,tcp_13839,tcp,13839,GoldenEye,Malware,DoS,GoldenEye
Thursday-15-02-2018_449.pcap,tcp_13653,tcp,13653,GoldenEye,Malware,DoS,GoldenEye
Thursday-15-02-2018_449.pcap,tcp_18749,tcp,18749,GoldenEye,Malware,DoS,GoldenEye
Thursday-15-02-2018_449.pcap,tcp_4890,tcp,4890,GoldenEye,Malware,DoS,GoldenEye
Thursday-15-02-2018_449.pcap,tcp_6568,tcp,6568,GoldenEye,Malware,DoS,GoldenEye
Thursday-15-02-2018_449.pcap,tcp_21462,tcp,21462,GoldenEye,Malware,DoS,GoldenEye
Thursday-15-02-2018_449.pcap,tcp_24266,tcp,24266,GoldenEye,Malware,DoS,GoldenEye
Thursday-15-02-2018_449.pcap,tcp_27076,tcp,27076,GoldenEye,Malware,DoS,GoldenEye
Thursday-15-02-2018_449.pcap,tcp_13071,tcp,13071,GoldenEye,Malware,DoS,GoldenEye
Thursday-15-02-2018_449.pcap,tcp_18460,tcp,18460,GoldenEye,Malware,DoS,GoldenEye
Thursday-15-02-2018_449.pcap,tcp_25540,tcp,25540,GoldenEye,Malware,DoS,GoldenEye
Thursday-15-02-2018_449.pcap,tcp_11121,tcp,11121,GoldenEye,Malware,DoS,GoldenEye
Thursday-15-02-2018_449.pcap,tcp_12680,tcp,12680,GoldenEye,Malware,DoS,GoldenEye
Thursday-15-02-2018_449.pcap,tcp_23529,tcp,23529,GoldenEye,Malware,DoS,GoldenEye
Thursday-15-02-2018_449.pcap,tcp_14091,tcp,14091,GoldenEye,Malware,DoS,GoldenEye
Thursday-15-02-2018_449.pcap,tcp_14354,tcp,14354,GoldenEye,Malware,DoS,GoldenEye
Thursday-15-02-2018_449.pcap,tcp_14532,tcp,14532,GoldenEye,Malware,DoS,GoldenEye
Thursday-15-02-2018_449.pcap,tcp_10734,tcp,10734,GoldenEye,Malware,DoS,GoldenEye
Thursday-15-02-2018_449.pcap,tcp_5613,tcp,5613,GoldenEye,Malware,DoS,GoldenEye
Thursday-15-02-2018_449.pcap,tcp_6185,tcp,6185,GoldenEye,Malware,DoS,GoldenEye
Thursday-15-02-2018_449.pcap,tcp_24730,tcp,24730,GoldenEye,Malware,DoS,GoldenEye
Thursday-15-02-2018_449.pcap,tcp_12596,tcp,12596,GoldenEye,Malware,DoS,GoldenEye
Thursday-15-02-2018_449.pcap,tcp_9682,tcp,9682,GoldenEye,Malware,DoS,GoldenEye
Thursday-15-02-2018_449.pcap,tcp_6658,tcp,6658,GoldenEye,Malware,DoS,GoldenEye
Thursday-15-02-2018_449.pcap,tcp_25421,tcp,25421,GoldenEye,Malware,DoS,GoldenEye
Thursday-15-02-2018_449.pcap,tcp_6681,tcp,6681,GoldenEye,Malware,DoS,GoldenEye
Thursday-15-02-2018_449.pcap,tcp_14584,tcp,14584,GoldenEye,Malware,DoS,GoldenEye
Thursday-15-02-2018_449.pcap,tcp_13140,tcp,13140,GoldenEye,Malware,DoS,GoldenEye
Thursday-15-02-2018_449.pcap,tcp_15159,tcp,15159,GoldenEye,Malware,DoS,GoldenEye
Thursday-15-02-2018_449.pcap,tcp_22318,tcp,22318,GoldenEye,Malware,DoS,GoldenEye
Thursday-15-02-2018_449.pcap,tcp_10622,tcp,10622,GoldenEye,Malware,DoS,GoldenEye
Thursday-15-02-2018_449.pcap,tcp_6426,tcp,6426,GoldenEye,Malware,DoS,GoldenEye
Thursday-15-02-2018_449.pcap,tcp_6526,tcp,6526,GoldenEye,Malware,DoS,GoldenEye
Thursday-15-02-2018_449.pcap,tcp_9467,tcp,9467,GoldenEye,Malware,DoS,GoldenEye
Thursday-15-02-2018_449.pcap,tcp_24783,tcp,24783,GoldenEye,Malware,DoS,GoldenEye
Thursday-15-02-2018_449.pcap,tcp_3107,tcp,3107,GoldenEye,Malware,DoS,GoldenEye
Thursday-15-02-2018_449.pcap,tcp_10502,tcp,10502,GoldenEye,Malware,DoS,GoldenEye
Thursday-15-02-2018_449.pcap,tcp_19265,tcp,19265,GoldenEye,Malware,DoS,GoldenEye
Thursday-15-02-2018_449.pcap,tcp_4038,tcp,4038,GoldenEye,Malware,DoS,GoldenEye
Thursday-15-02-2018_449.pcap,tcp_22579,tcp,22579,GoldenEye,Malware,DoS,GoldenEye
Thursday-15-02-2018_449.pcap,tcp_24882,tcp,24882,GoldenEye,Malware,DoS,GoldenEye
Thursday-15-02-2018_449.pcap,tcp_4359,tcp,4359,GoldenEye,Malware,DoS,GoldenEye
Thursday-15-02-2018_449.pcap,tcp_13570,tcp,13570,GoldenEye,Malware,DoS,GoldenEye
Thursday-15-02-2018_449.pcap,tcp_18295,tcp,18295,GoldenEye,Malware,DoS,GoldenEye
Thursday-15-02-2018_449.pcap,tcp_7792,tcp,7792,GoldenEye,Malware,DoS,GoldenEye
Thursday-15-02-2018_449.pcap,tcp_5115,tcp,5115,GoldenEye,Malware,DoS,GoldenEye
Thursday-15-02-2018_449.pcap,tcp_26058,tcp,26058,GoldenEye,Malware,DoS,GoldenEye
Thursday-15-02-2018_449.pcap,tcp_2484,tcp,2484,GoldenEye,Malware,DoS,GoldenEye
Thursday-15-02-2018_449.pcap,tcp_18037,tcp,18037,GoldenEye,Malware,DoS,GoldenEye
Thursday-15-02-2018_449.pcap,tcp_9461,tcp,9461,GoldenEye,Malware,DoS,GoldenEye
Thursday-15-02-2018_449.pcap,tcp_1736,tcp,1736,GoldenEye,Malware,DoS,GoldenEye
Thursday-15-02-2018_449.pcap,tcp_18490,tcp,18490,GoldenEye,Malware,DoS,GoldenEye
Thursday-15-02-2018_449.pcap,tcp_5275,tcp,5275,GoldenEye,Malware,DoS,GoldenEye
Thursday-15-02-2018_449.pcap,tcp_10730,tcp,10730,GoldenEye,Malware,DoS,GoldenEye
Thursday-15-02-2018_449.pcap,tcp_24024,tcp,24024,GoldenEye,Malware,DoS,GoldenEye
Thursday-15-02-2018_449.pcap,tcp_2859,tcp,2859,GoldenEye,Malware,DoS,GoldenEye
Thursday-15-02-2018_449.pcap,tcp_17268,tcp,17268,GoldenEye,Malware,DoS,GoldenEye
Thursday-15-02-2018_449.pcap,tcp_3221,tcp,3221,GoldenEye,Malware,DoS,GoldenEye
Thursday-15-02-2018_449.pcap,tcp_16001,tcp,16001,GoldenEye,Malware,DoS,GoldenEye
Thursday-15-02-2018_449.pcap,tcp_19324,tcp,19324,GoldenEye,Malware,DoS,GoldenEye
Thursday-15-02-2018_449.pcap,tcp_7690,tcp,7690,GoldenEye,Malware,DoS,GoldenEye
Thursday-15-02-2018_449.pcap,tcp_19149,tcp,19149,GoldenEye,Malware,DoS,GoldenEye
Thursday-15-02-2018_449.pcap,tcp_24571,tcp,24571,GoldenEye,Malware,DoS,GoldenEye
Thursday-15-02-2018_449.pcap,tcp_23599,tcp,23599,GoldenEye,Malware,DoS,GoldenEye
Thursday-15-02-2018_449.pcap,tcp_17672,tcp,17672,GoldenEye,Malware,DoS,GoldenEye
Thursday-15-02-2018_449.pcap,tcp_16086,tcp,16086,GoldenEye,Malware,DoS,GoldenEye
Thursday-15-02-2018_449.pcap,tcp_12087,tcp,12087,GoldenEye,Malware,DoS,GoldenEye
Thursday-15-02-2018_449.pcap,tcp_9810,tcp,9810,GoldenEye,Malware,DoS,GoldenEye
Thursday-15-02-2018_449.pcap,tcp_24284,tcp,24284,GoldenEye,Malware,DoS,GoldenEye
Thursday-15-02-2018_449.pcap,tcp_24056,tcp,24056,GoldenEye,Malware,DoS,GoldenEye
Thursday-15-02-2018_449.pcap,tcp_453,tcp,453,GoldenEye,Malware,DoS,GoldenEye
Thursday-15-02-2018_449.pcap,tcp_23960,tcp,23960,GoldenEye,Malware,DoS,GoldenEye
Thursday-15-02-2018_449.pcap,tcp_24032,tcp,24032,GoldenEye,Malware,DoS,GoldenEye
Thursday-15-02-2018_449.pcap,tcp_6637,tcp,6637,GoldenEye,Malware,DoS,GoldenEye
Thursday-15-02-2018_449.pcap,tcp_12050,tcp,12050,GoldenEye,Malware,DoS,GoldenEye
Thursday-15-02-2018_449.pcap,tcp_6129,tcp,6129,GoldenEye,Malware,DoS,GoldenEye
Thursday-15-02-2018_449.pcap,tcp_23403,tcp,23403,GoldenEye,Malware,DoS,GoldenEye
Thursday-15-02-2018_449.pcap,tcp_8594,tcp,8594,GoldenEye,Malware,DoS,GoldenEye
Thursday-15-02-2018_449.pcap,tcp_21553,tcp,21553,GoldenEye,Malware,DoS,GoldenEye
Thursday-15-02-2018_449.pcap,tcp_3792,tcp,3792,GoldenEye,Malware,DoS,GoldenEye
Thursday-15-02-2018_449.pcap,tcp_17855,tcp,17855,GoldenEye,Malware,DoS,GoldenEye
Thursday-15-02-2018_449.pcap,tcp_20095,tcp,20095,GoldenEye,Malware,DoS,GoldenEye
Thursday-15-02-2018_449.pcap,tcp_7496,tcp,7496,GoldenEye,Malware,DoS,GoldenEye
Thursday-15-02-2018_449.pcap,tcp_26745,tcp,26745,GoldenEye,Malware,DoS,GoldenEye
Thursday-15-02-2018_449.pcap,tcp_22518,tcp,22518,GoldenEye,Malware,DoS,GoldenEye
Thursday-15-02-2018_449.pcap,tcp_16006,tcp,16006,GoldenEye,Malware,DoS,GoldenEye
Thursday-15-02-2018_449.pcap,tcp_18104,tcp,18104,GoldenEye,Malware,DoS,GoldenEye
Thursday-15-02-2018_449.pcap,tcp_25555,tcp,25555,GoldenEye,Malware,DoS,GoldenEye
Thursday-15-02-2018_449.pcap,tcp_2628,tcp,2628,GoldenEye,Malware,DoS,GoldenEye
Thursday-15-02-2018_449.pcap,tcp_760,tcp,760,GoldenEye,Malware,DoS,GoldenEye
Thursday-15-02-2018_449.pcap,tcp_9009,tcp,9009,GoldenEye,Malware,DoS,GoldenEye
Thursday-15-02-2018_449.pcap,tcp_5185,tcp,5185,GoldenEye,Malware,DoS,GoldenEye
Thursday-15-02-2018_449.pcap,tcp_11464,tcp,11464,GoldenEye,Malware,DoS,GoldenEye
Thursday-15-02-2018_449.pcap,tcp_18933,tcp,18933,GoldenEye,Malware,DoS,GoldenEye
Thursday-15-02-2018_449.pcap,tcp_13418,tcp,13418,GoldenEye,Malware,DoS,GoldenEye
Thursday-15-02-2018_449.pcap,tcp_10630,tcp,10630,GoldenEye,Malware,DoS,GoldenEye
Thursday-15-02-2018_449.pcap,tcp_5428,tcp,5428,GoldenEye,Malware,DoS,GoldenEye
Thursday-15-02-2018_449.pcap,tcp_14632,tcp,14632,GoldenEye,Malware,DoS,GoldenEye
Thursday-15-02-2018_449.pcap,tcp_2796,tcp,2796,GoldenEye,Malware,DoS,GoldenEye
Thursday-15-02-2018_449.pcap,tcp_12527,tcp,12527,GoldenEye,Malware,DoS,GoldenEye
Thursday-15-02-2018_449.pcap,tcp_18162,tcp,18162,GoldenEye,Malware,DoS,GoldenEye
Thursday-15-02-2018_449.pcap,tcp_8298,tcp,8298,GoldenEye,Malware,DoS,GoldenEye
Thursday-15-02-2018_449.pcap,tcp_11836,tcp,11836,GoldenEye,Malware,DoS,GoldenEye
Thursday-15-02-2018_449.pcap,tcp_13229,tcp,13229,GoldenEye,Malware,DoS,GoldenEye
Thursday-15-02-2018_449.pcap,tcp_22977,tcp,22977,GoldenEye,Malware,DoS,GoldenEye
Thursday-15-02-2018_449.pcap,tcp_14991,tcp,14991,GoldenEye,Malware,DoS,GoldenEye
Thursday-15-02-2018_449.pcap,tcp_26785,tcp,26785,GoldenEye,Malware,DoS,GoldenEye
Thursday-15-02-2018_449.pcap,tcp_17527,tcp,17527,GoldenEye,Malware,DoS,GoldenEye
Thursday-15-02-2018_449.pcap,tcp_520,tcp,520,GoldenEye,Malware,DoS,GoldenEye
Thursday-15-02-2018_449.pcap,tcp_8460,tcp,8460,GoldenEye,Malware,DoS,GoldenEye
Thursday-15-02-2018_449.pcap,tcp_21649,tcp,21649,GoldenEye,Malware,DoS,GoldenEye
Thursday-15-02-2018_449.pcap,tcp_5028,tcp,5028,GoldenEye,Malware,DoS,GoldenEye
Thursday-15-02-2018_449.pcap,tcp_9971,tcp,9971,GoldenEye,Malware,DoS,GoldenEye
Thursday-15-02-2018_449.pcap,tcp_23714,tcp,23714,GoldenEye,Malware,DoS,GoldenEye
Thursday-15-02-2018_449.pcap,tcp_3404,tcp,3404,GoldenEye,Malware,DoS,GoldenEye
Thursday-15-02-2018_449.pcap,tcp_17539,tcp,17539,GoldenEye,Malware,DoS,GoldenEye
Thursday-15-02-2018_449.pcap,tcp_4323,tcp,4323,GoldenEye,Malware,DoS,GoldenEye
Thursday-15-02-2018_449.pcap,tcp_20715,tcp,20715,GoldenEye,Malware,DoS,GoldenEye
Thursday-15-02-2018_449.pcap,tcp_18488,tcp,18488,GoldenEye,Malware,DoS,GoldenEye
Thursday-15-02-2018_449.pcap,tcp_9821,tcp,9821,GoldenEye,Malware,DoS,GoldenEye
Thursday-15-02-2018_449.pcap,tcp_14460,tcp,14460,GoldenEye,Malware,DoS,GoldenEye
Thursday-15-02-2018_449.pcap,tcp_13760,tcp,13760,GoldenEye,Malware,DoS,GoldenEye
Thursday-15-02-2018_449.pcap,tcp_6479,tcp,6479,GoldenEye,Malware,DoS,GoldenEye
Thursday-15-02-2018_449.pcap,tcp_24439,tcp,24439,GoldenEye,Malware,DoS,GoldenEye
Thursday-15-02-2018_449.pcap,tcp_2414,tcp,2414,GoldenEye,Malware,DoS,GoldenEye
Thursday-15-02-2018_449.pcap,tcp_10308,tcp,10308,GoldenEye,Malware,DoS,GoldenEye
Thursday-15-02-2018_449.pcap,tcp_12056,tcp,12056,GoldenEye,Malware,DoS,GoldenEye
Thursday-15-02-2018_449.pcap,tcp_10609,tcp,10609,GoldenEye,Malware,DoS,GoldenEye
Thursday-15-02-2018_449.pcap,tcp_18892,tcp,18892,GoldenEye,Malware,DoS,GoldenEye
Thursday-15-02-2018_449.pcap,tcp_22937,tcp,22937,GoldenEye,Malware,DoS,GoldenEye
Thursday-15-02-2018_449.pcap,tcp_20493,tcp,20493,GoldenEye,Malware,DoS,GoldenEye
Thursday-15-02-2018_449.pcap,tcp_636,tcp,636,GoldenEye,Malware,DoS,GoldenEye
Thursday-15-02-2018_449.pcap,tcp_3902,tcp,3902,GoldenEye,Malware,DoS,GoldenEye
Thursday-15-02-2018_449.pcap,tcp_26800,tcp,26800,GoldenEye,Malware,DoS,GoldenEye
Thursday-15-02-2018_449.pcap,tcp_25579,tcp,25579,GoldenEye,Malware,DoS,GoldenEye
Thursday-15-02-2018_449.pcap,tcp_21522,tcp,21522,GoldenEye,Malware,DoS,GoldenEye
Thursday-15-02-2018_449.pcap,tcp_6778,tcp,6778,GoldenEye,Malware,DoS,GoldenEye
Thursday-15-02-2018_449.pcap,tcp_26472,tcp,26472,GoldenEye,Malware,DoS,GoldenEye
Thursday-15-02-2018_449.pcap,tcp_684,tcp,684,GoldenEye,Malware,DoS,GoldenEye
Thursday-15-02-2018_449.pcap,tcp_5628,tcp,5628,GoldenEye,Malware,DoS,GoldenEye
Thursday-15-02-2018_449.pcap,tcp_12420,tcp,12420,GoldenEye,Malware,DoS,GoldenEye
Thursday-15-02-2018_449.pcap,tcp_20423,tcp,20423,GoldenEye,Malware,DoS,GoldenEye
Thursday-15-02-2018_449.pcap,tcp_23823,tcp,23823,GoldenEye,Malware,DoS,GoldenEye
Thursday-15-02-2018_449.pcap,tcp_9380,tcp,9380,GoldenEye,Malware,DoS,GoldenEye
Thursday-15-02-2018_449.pcap,tcp_2077,tcp,2077,GoldenEye,Malware,DoS,GoldenEye
Thursday-15-02-2018_449.pcap,tcp_14494,tcp,14494,GoldenEye,Malware,DoS,GoldenEye
Thursday-15-02-2018_449.pcap,tcp_11326,tcp,11326,GoldenEye,Malware,DoS,GoldenEye
Thursday-15-02-2018_449.pcap,tcp_3721,tcp,3721,GoldenEye,Malware,DoS,GoldenEye
Thursday-15-02-2018_449.pcap,tcp_14511,tcp,14511,GoldenEye,Malware,DoS,GoldenEye
Thursday-15-02-2018_449.pcap,tcp_15295,tcp,15295,GoldenEye,Malware,DoS,GoldenEye
Thursday-15-02-2018_449.pcap,tcp_12015,tcp,12015,GoldenEye,Malware,DoS,GoldenEye
Thursday-15-02-2018_449.pcap,tcp_12495,tcp,12495,GoldenEye,Malware,DoS,GoldenEye
Thursday-15-02-2018_449.pcap,tcp_13621,tcp,13621,GoldenEye,Malware,DoS,GoldenEye
Thursday-15-02-2018_449.pcap,tcp_9102,tcp,9102,GoldenEye,Malware,DoS,GoldenEye
Thursday-15-02-2018_449.pcap,tcp_13953,tcp,13953,GoldenEye,Malware,DoS,GoldenEye
Thursday-15-02-2018_449.pcap,tcp_26713,tcp,26713,GoldenEye,Malware,DoS,GoldenEye
Thursday-15-02-2018_449.pcap,tcp_23337,tcp,23337,GoldenEye,Malware,DoS,GoldenEye
Thursday-15-02-2018_449.pcap,tcp_20272,tcp,20272,GoldenEye,Malware,DoS,GoldenEye
Thursday-15-02-2018_449.pcap,tcp_5640,tcp,5640,GoldenEye,Malware,DoS,GoldenEye
Thursday-15-02-2018_449.pcap,tcp_22853,tcp,22853,GoldenEye,Malware,DoS,GoldenEye
Thursday-15-02-2018_449.pcap,tcp_22145,tcp,22145,GoldenEye,Malware,DoS,GoldenEye
Thursday-15-02-2018_449.pcap,tcp_12658,tcp,12658,GoldenEye,Malware,DoS,GoldenEye
Thursday-15-02-2018_449.pcap,tcp_8009,tcp,8009,GoldenEye,Malware,DoS,GoldenEye
Thursday-15-02-2018_449.pcap,tcp_20091,tcp,20091,GoldenEye,Malware,DoS,GoldenEye
Thursday-15-02-2018_449.pcap,tcp_1723,tcp,1723,GoldenEye,Malware,DoS,GoldenEye
Thursday-15-02-2018_449.pcap,tcp_18992,tcp,18992,GoldenEye,Malware,DoS,GoldenEye
Thursday-15-02-2018_449.pcap,tcp_16618,tcp,16618,GoldenEye,Malware,DoS,GoldenEye
Thursday-15-02-2018_449.pcap,tcp_25586,tcp,25586,GoldenEye,Malware,DoS,GoldenEye
Thursday-15-02-2018_449.pcap,tcp_10674,tcp,10674,GoldenEye,Malware,DoS,GoldenEye
Thursday-15-02-2018_449.pcap,tcp_24769,tcp,24769,GoldenEye,Malware,DoS,GoldenEye
Thursday-15-02-2018_449.pcap,tcp_14109,tcp,14109,GoldenEye,Malware,DoS,GoldenEye
Thursday-15-02-2018_449.pcap,tcp_16020,tcp,16020,GoldenEye,Malware,DoS,GoldenEye
Thursday-15-02-2018_449.pcap,tcp_16561,tcp,16561,GoldenEye,Malware,DoS,GoldenEye
Thursday-15-02-2018_449.pcap,tcp_17691,tcp,17691,GoldenEye,Malware,DoS,GoldenEye
Thursday-15-02-2018_449.pcap,tcp_16864,tcp,16864,GoldenEye,Malware,DoS,GoldenEye
Thursday-15-02-2018_449.pcap,tcp_12642,tcp,12642,GoldenEye,Malware,DoS,GoldenEye
Thursday-15-02-2018_449.pcap,tcp_22403,tcp,22403,GoldenEye,Malware,DoS,GoldenEye
Thursday-15-02-2018_449.pcap,tcp_20515,tcp,20515,GoldenEye,Malware,DoS,GoldenEye
Thursday-15-02-2018_449.pcap,tcp_1765,tcp,1765,GoldenEye,Malware,DoS,GoldenEye
Thursday-15-02-2018_449.pcap,tcp_18816,tcp,18816,GoldenEye,Malware,DoS,GoldenEye
Thursday-15-02-2018_449.pcap,tcp_3969,tcp,3969,GoldenEye,Malware,DoS,GoldenEye
Thursday-15-02-2018_449.pcap,tcp_13426,tcp,13426,GoldenEye,Malware,DoS,GoldenEye
Thursday-15-02-2018_449.pcap,tcp_16318,tcp,16318,GoldenEye,Malware,DoS,GoldenEye
Thursday-15-02-2018_449.pcap,tcp_11191,tcp,11191,GoldenEye,Malware,DoS,GoldenEye
Thursday-15-02-2018_449.pcap,tcp_15424,tcp,15424,GoldenEye,Malware,DoS,GoldenEye
Thursday-15-02-2018_449.pcap,tcp_493,tcp,493,GoldenEye,Malware,DoS,GoldenEye
Thursday-15-02-2018_449.pcap,tcp_15770,tcp,15770,GoldenEye,Malware,DoS,GoldenEye
Thursday-15-02-2018_449.pcap,tcp_5423,tcp,5423,GoldenEye,Malware,DoS,GoldenEye
Thursday-15-02-2018_449.pcap,tcp_18771,tcp,18771,GoldenEye,Malware,DoS,GoldenEye
Thursday-15-02-2018_449.pcap,tcp_1866,tcp,1866,GoldenEye,Malware,DoS,GoldenEye
Thursday-15-02-2018_449.pcap,tcp_3140,tcp,3140,GoldenEye,Malware,DoS,GoldenEye
Thursday-15-02-2018_449.pcap,tcp_21955,tcp,21955,GoldenEye,Malware,DoS,GoldenEye
Thursday-15-02-2018_449.pcap,tcp_15827,tcp,15827,GoldenEye,Malware,DoS,GoldenEye
Thursday-15-02-2018_449.pcap,tcp_3123,tcp,3123,GoldenEye,Malware,DoS,GoldenEye
Thursday-15-02-2018_449.pcap,tcp_3499,tcp,3499,GoldenEye,Malware,DoS,GoldenEye
Thursday-15-02-2018_449.pcap,tcp_11619,tcp,11619,GoldenEye,Malware,DoS,GoldenEye
Thursday-15-02-2018_449.pcap,tcp_10398,tcp,10398,GoldenEye,Malware,DoS,GoldenEye
Thursday-15-02-2018_449.pcap,tcp_20497,tcp,20497,GoldenEye,Malware,DoS,GoldenEye
Thursday-15-02-2018_449.pcap,tcp_21656,tcp,21656,GoldenEye,Malware,DoS,GoldenEye
Thursday-15-02-2018_449.pcap,tcp_528,tcp,528,GoldenEye,Malware,DoS,GoldenEye
Thursday-15-02-2018_449.pcap,tcp_20759,tcp,20759,GoldenEye,Malware,DoS,GoldenEye
Thursday-15-02-2018_449.pcap,tcp_580,tcp,580,GoldenEye,Malware,DoS,GoldenEye
Thursday-15-02-2018_449.pcap,tcp_21634,tcp,21634,GoldenEye,Malware,DoS,GoldenEye
Thursday-15-02-2018_449.pcap,tcp_14643,tcp,14643,GoldenEye,Malware,DoS,GoldenEye
Thursday-15-02-2018_449.pcap,tcp_5781,tcp,5781,GoldenEye,Malware,DoS,GoldenEye
Thursday-15-02-2018_449.pcap,tcp_1957,tcp,1957,GoldenEye,Malware,DoS,GoldenEye
Thursday-15-02-2018_449.pcap,tcp_1717,tcp,1717,GoldenEye,Malware,DoS,GoldenEye
Thursday-15-02-2018_449.pcap,tcp_26675,tcp,26675,GoldenEye,Malware,DoS,GoldenEye
Thursday-15-02-2018_449.pcap,tcp_12077,tcp,12077,GoldenEye,Malware,DoS,GoldenEye
Thursday-15-02-2018_449.pcap,tcp_1873,tcp,1873,GoldenEye,Malware,DoS,GoldenEye
Thursday-15-02-2018_449.pcap,tcp_3751,tcp,3751,GoldenEye,Malware,DoS,GoldenEye
Thursday-15-02-2018_449.pcap,tcp_12033,tcp,12033,GoldenEye,Malware,DoS,GoldenEye
Thursday-15-02-2018_449.pcap,tcp_11416,tcp,11416,GoldenEye,Malware,DoS,GoldenEye
Thursday-15-02-2018_449.pcap,tcp_9167,tcp,9167,GoldenEye,Malware,DoS,GoldenEye
Thursday-15-02-2018_449.pcap,tcp_16977,tcp,16977,GoldenEye,Malware,DoS,GoldenEye
Thursday-15-02-2018_449.pcap,tcp_23882,tcp,23882,GoldenEye,Malware,DoS,GoldenEye
Thursday-15-02-2018_449.pcap,tcp_9950,tcp,9950,GoldenEye,Malware,DoS,GoldenEye
Thursday-15-02-2018_449.pcap,tcp_19469,tcp,19469,GoldenEye,Malware,DoS,GoldenEye
Thursday-15-02-2018_449.pcap,tcp_24934,tcp,24934,GoldenEye,Malware,DoS,GoldenEye
Thursday-15-02-2018_449.pcap,tcp_3562,tcp,3562,GoldenEye,Malware,DoS,GoldenEye
Thursday-15-02-2018_449.pcap,tcp_9314,tcp,9314,GoldenEye,Malware,DoS,GoldenEye
Thursday-15-02-2018_449.pcap,tcp_24916,tcp,24916,GoldenEye,Malware,DoS,GoldenEye
Thursday-15-02-2018_449.pcap,tcp_11021,tcp,11021,GoldenEye,Malware,DoS,GoldenEye
Thursday-15-02-2018_449.pcap,tcp_5563,tcp,5563,GoldenEye,Malware,DoS,GoldenEye
Thursday-15-02-2018_449.pcap,tcp_1494,tcp,1494,GoldenEye,Malware,DoS,GoldenEye
Thursday-15-02-2018_449.pcap,tcp_8303,tcp,8303,GoldenEye,Malware,DoS,GoldenEye
Thursday-15-02-2018_449.pcap,tcp_13943,tcp,13943,GoldenEye,Malware,DoS,GoldenEye
Thursday-15-02-2018_449.pcap,tcp_25566,tcp,25566,GoldenEye,Malware,DoS,GoldenEye
Thursday-15-02-2018_449.pcap,tcp_4596,tcp,4596,GoldenEye,Malware,DoS,GoldenEye
Thursday-15-02-2018_449.pcap,tcp_18424,tcp,18424,GoldenEye,Malware,DoS,GoldenEye
Thursday-15-02-2018_449.pcap,tcp_5142,tcp,5142,GoldenEye,Malware,DoS,GoldenEye
Thursday-15-02-2018_449.pcap,tcp_10330,tcp,10330,GoldenEye,Malware,DoS,GoldenEye
Thursday-15-02-2018_449.pcap,tcp_9538,tcp,9538,GoldenEye,Malware,DoS,GoldenEye
Thursday-15-02-2018_449.pcap,tcp_21751,tcp,21751,GoldenEye,Malware,DoS,GoldenEye
Thursday-15-02-2018_449.pcap,tcp_10265,tcp,10265,GoldenEye,Malware,DoS,GoldenEye
Thursday-15-02-2018_449.pcap,tcp_21342,tcp,21342,GoldenEye,Malware,DoS,GoldenEye
Thursday-15-02-2018_449.pcap,tcp_1006,tcp,1006,GoldenEye,Malware,DoS,GoldenEye
Thursday-15-02-2018_449.pcap,tcp_14398,tcp,14398,GoldenEye,Malware,DoS,GoldenEye
Thursday-15-02-2018_449.pcap,tcp_12047,tcp,12047,GoldenEye,Malware,DoS,GoldenEye
Thursday-15-02-2018_449.pcap,tcp_20209,tcp,20209,GoldenEye,Malware,DoS,GoldenEye
Thursday-15-02-2018_449.pcap,tcp_20564,tcp,20564,GoldenEye,Malware,DoS,GoldenEye
Thursday-15-02-2018_449.pcap,tcp_7310,tcp,7310,GoldenEye,Malware,DoS,GoldenEye
Thursday-15-02-2018_449.pcap,tcp_26476,tcp,26476,GoldenEye,Malware,DoS,GoldenEye
Thursday-15-02-2018_449.pcap,tcp_1559,tcp,1559,GoldenEye,Malware,DoS,GoldenEye
Thursday-15-02-2018_449.pcap,tcp_25264,tcp,25264,GoldenEye,Malware,DoS,GoldenEye
Thursday-15-02-2018_449.pcap,tcp_23454,tcp,23454,GoldenEye,Malware,DoS,GoldenEye
Thursday-15-02-2018_449.pcap,tcp_22289,tcp,22289,GoldenEye,Malware,DoS,GoldenEye
Thursday-15-02-2018_449.pcap,tcp_7965,tcp,7965,GoldenEye,Malware,DoS,GoldenEye
Thursday-15-02-2018_449.pcap,tcp_9179,tcp,9179,GoldenEye,Malware,DoS,GoldenEye
Thursday-15-02-2018_449.pcap,tcp_7923,tcp,7923,GoldenEye,Malware,DoS,GoldenEye
Thursday-15-02-2018_449.pcap,tcp_9794,tcp,9794,GoldenEye,Malware,DoS,GoldenEye
Thursday-15-02-2018_449.pcap,tcp_7546,tcp,7546,GoldenEye,Malware,DoS,GoldenEye
Thursday-15-02-2018_449.pcap,tcp_10794,tcp,10794,GoldenEye,Malware,DoS,GoldenEye
Thursday-15-02-2018_449.pcap,tcp_18732,tcp,18732,GoldenEye,Malware,DoS,GoldenEye
Thursday-15-02-2018_449.pcap,tcp_6119,tcp,6119,GoldenEye,Malware,DoS,GoldenEye
Thursday-15-02-2018_449.pcap,tcp_9888,tcp,9888,GoldenEye,Malware,DoS,GoldenEye
Thursday-15-02-2018_449.pcap,tcp_6219,tcp,6219,GoldenEye,Malware,DoS,GoldenEye
Thursday-15-02-2018_449.pcap,tcp_24381,tcp,24381,GoldenEye,Malware,DoS,GoldenEye
Thursday-15-02-2018_449.pcap,tcp_3675,tcp,3675,GoldenEye,Malware,DoS,GoldenEye
Thursday-15-02-2018_449.pcap,tcp_7351,tcp,7351,GoldenEye,Malware,DoS,GoldenEye
Thursday-15-02-2018_449.pcap,tcp_16780,tcp,16780,GoldenEye,Malware,DoS,GoldenEye
Thursday-15-02-2018_449.pcap,tcp_18282,tcp,18282,GoldenEye,Malware,DoS,GoldenEye
Thursday-15-02-2018_449.pcap,tcp_11778,tcp,11778,GoldenEye,Malware,DoS,GoldenEye
Thursday-15-02-2018_449.pcap,tcp_15075,tcp,15075,GoldenEye,Malware,DoS,GoldenEye
Thursday-15-02-2018_449.pcap,tcp_24049,tcp,24049,GoldenEye,Malware,DoS,GoldenEye
Thursday-15-02-2018_449.pcap,tcp_2483,tcp,2483,GoldenEye,Malware,DoS,GoldenEye
Thursday-15-02-2018_449.pcap,tcp_20324,tcp,20324,GoldenEye,Malware,DoS,GoldenEye
Thursday-15-02-2018_449.pcap,tcp_26710,tcp,26710,GoldenEye,Malware,DoS,GoldenEye
Thursday-15-02-2018_449.pcap,tcp_21676,tcp,21676,GoldenEye,Malware,DoS,GoldenEye
Thursday-15-02-2018_449.pcap,tcp_24752,tcp,24752,GoldenEye,Malware,DoS,GoldenEye
Thursday-15-02-2018_449.pcap,tcp_18866,tcp,18866,GoldenEye,Malware,DoS,GoldenEye
Thursday-15-02-2018_449.pcap,tcp_22352,tcp,22352,GoldenEye,Malware,DoS,GoldenEye
Thursday-15-02-2018_449.pcap,tcp_7590,tcp,7590,GoldenEye,Malware,DoS,GoldenEye
Thursday-15-02-2018_449.pcap,tcp_2177,tcp,2177,GoldenEye,Malware,DoS,GoldenEye
Thursday-15-02-2018_449.pcap,tcp_514,tcp,514,GoldenEye,Malware,DoS,GoldenEye
Thursday-15-02-2018_449.pcap,tcp_2653,tcp,2653,GoldenEye,Malware,DoS,GoldenEye
Thursday-15-02-2018_449.pcap,tcp_19191,tcp,19191,GoldenEye,Malware,DoS,GoldenEye
Thursday-15-02-2018_449.pcap,tcp_10696,tcp,10696,GoldenEye,Malware,DoS,GoldenEye
Thursday-15-02-2018_449.pcap,tcp_4982,tcp,4982,GoldenEye,Malware,DoS,GoldenEye
Thursday-15-02-2018_449.pcap,tcp_4930,tcp,4930,GoldenEye,Malware,DoS,GoldenEye
Thursday-15-02-2018_449.pcap,tcp_17404,tcp,17404,GoldenEye,Malware,DoS,GoldenEye
Thursday-15-02-2018_449.pcap,tcp_18832,tcp,18832,GoldenEye,Malware,DoS,GoldenEye
Thursday-15-02-2018_449.pcap,tcp_17560,tcp,17560,GoldenEye,Malware,DoS,GoldenEye
Thursday-15-02-2018_449.pcap,tcp_12774,tcp,12774,GoldenEye,Malware,DoS,GoldenEye
Thursday-15-02-2018_449.pcap,tcp_9632,tcp,9632,GoldenEye,Malware,DoS,GoldenEye
Thursday-15-02-2018_449.pcap,tcp_3653,tcp,3653,GoldenEye,Malware,DoS,GoldenEye
Thursday-15-02-2018_449.pcap,tcp_330,tcp,330,GoldenEye,Malware,DoS,GoldenEye
Thursday-15-02-2018_449.pcap,tcp_4709,tcp,4709,GoldenEye,Malware,DoS,GoldenEye
Thursday-15-02-2018_449.pcap,tcp_4776,tcp,4776,GoldenEye,Malware,DoS,GoldenEye
Thursday-15-02-2018_449.pcap,tcp_4782,tcp,4782,GoldenEye,Malware,DoS,GoldenEye
Thursday-15-02-2018_449.pcap,tcp_208,tcp,208,GoldenEye,Malware,DoS,GoldenEye
Thursday-15-02-2018_449.pcap,tcp_1904,tcp,1904,GoldenEye,Malware,DoS,GoldenEye
Thursday-15-02-2018_449.pcap,tcp_4669,tcp,4669,GoldenEye,Malware,DoS,GoldenEye
Thursday-15-02-2018_449.pcap,tcp_4788,tcp,4788,GoldenEye,Malware,DoS,GoldenEye
Thursday-15-02-2018_449.pcap,tcp_4841,tcp,4841,GoldenEye,Malware,DoS,GoldenEye
Thursday-15-02-2018_449.pcap,tcp_3019,tcp,3019,GoldenEye,Malware,DoS,GoldenEye
Thursday-15-02-2018_449.pcap,tcp_4684,tcp,4684,GoldenEye,Malware,DoS,GoldenEye
Thursday-15-02-2018_449.pcap,tcp_4686,tcp,4686,GoldenEye,Malware,DoS,GoldenEye
Thursday-15-02-2018_449.pcap,tcp_267,tcp,267,GoldenEye,Malware,DoS,GoldenEye
Thursday-15-02-2018_449.pcap,tcp_305,tcp,305,GoldenEye,Malware,DoS,GoldenEye
Thursday-15-02-2018_449.pcap,tcp_390,tcp,390,GoldenEye,Malware,DoS,GoldenEye
Thursday-15-02-2018_449.pcap,tcp_219,tcp,219,GoldenEye,Malware,DoS,GoldenEye
Thursday-15-02-2018_449.pcap,tcp_6918,tcp,6918,GoldenEye,Malware,DoS,GoldenEye
Thursday-15-02-2018_449.pcap,tcp_1903,tcp,1903,GoldenEye,Malware,DoS,GoldenEye
Thursday-15-02-2018_449.pcap,tcp_325,tcp,325,GoldenEye,Malware,DoS,GoldenEye
Thursday-15-02-2018_449.pcap,tcp_198,tcp,198,GoldenEye,Malware,DoS,GoldenEye
Thursday-15-02-2018_449.pcap,tcp_4828,tcp,4828,GoldenEye,Malware,DoS,GoldenEye
Thursday-15-02-2018_449.pcap,tcp_4824,tcp,4824,GoldenEye,Malware,DoS,GoldenEye
Thursday-15-02-2018_449.pcap,tcp_4663,tcp,4663,GoldenEye,Malware,DoS,GoldenEye
Thursday-15-02-2018_449.pcap,tcp_393,tcp,393,GoldenEye,Malware,DoS,GoldenEye
Thursday-15-02-2018_449.pcap,tcp_271,tcp,271,GoldenEye,Malware,DoS,GoldenEye
Thursday-15-02-2018_449.pcap,tcp_344,tcp,344,GoldenEye,Malware,DoS,GoldenEye
Thursday-15-02-2018_449.pcap,tcp_4765,tcp,4765,GoldenEye,Malware,DoS,GoldenEye
Thursday-15-02-2018_449.pcap,tcp_4838,tcp,4838,GoldenEye,Malware,DoS,GoldenEye
Thursday-15-02-2018_449.pcap,tcp_328,tcp,328,GoldenEye,Malware,DoS,GoldenEye
Thursday-15-02-2018_449.pcap,tcp_274,tcp,274,GoldenEye,Malware,DoS,GoldenEye
Thursday-15-02-2018_449.pcap,tcp_3025,tcp,3025,GoldenEye,Malware,DoS,GoldenEye
Thursday-15-02-2018_449.pcap,tcp_173,tcp,173,GoldenEye,Malware,DoS,GoldenEye
Thursday-15-02-2018_449.pcap,tcp_339,tcp,339,GoldenEye,Malware,DoS,GoldenEye
Thursday-15-02-2018_449.pcap,tcp_3059,tcp,3059,GoldenEye,Malware,DoS,GoldenEye
Thursday-15-02-2018_449.pcap,tcp_250,tcp,250,GoldenEye,Malware,DoS,GoldenEye
Thursday-15-02-2018_449.pcap,tcp_6935,tcp,6935,GoldenEye,Malware,DoS,GoldenEye
Thursday-15-02-2018_449.pcap,tcp_412,tcp,412,GoldenEye,Malware,DoS,GoldenEye
Thursday-15-02-2018_449.pcap,tcp_4810,tcp,4810,GoldenEye,Malware,DoS,GoldenEye
Thursday-15-02-2018_449.pcap,tcp_4780,tcp,4780,GoldenEye,Malware,DoS,GoldenEye
Thursday-15-02-2018_449.pcap,tcp_2007,tcp,2007,GoldenEye,Malware,DoS,GoldenEye
Thursday-15-02-2018_449.pcap,tcp_246,tcp,246,GoldenEye,Malware,DoS,GoldenEye
Thursday-15-02-2018_449.pcap,tcp_6938,tcp,6938,GoldenEye,Malware,DoS,GoldenEye
Thursday-15-02-2018_449.pcap,tcp_3029,tcp,3029,GoldenEye,Malware,DoS,GoldenEye
Thursday-15-02-2018_449.pcap,tcp_243,tcp,243,GoldenEye,Malware,DoS,GoldenEye
Thursday-15-02-2018_449.pcap,tcp_6921,tcp,6921,GoldenEye,Malware,DoS,GoldenEye
Thursday-15-02-2018_449.pcap,tcp_1947,tcp,1947,GoldenEye,Malware,DoS,GoldenEye
Thursday-15-02-2018_449.pcap,tcp_4736,tcp,4736,GoldenEye,Malware,DoS,GoldenEye
Thursday-15-02-2018_449.pcap,tcp_260,tcp,260,GoldenEye,Malware,DoS,GoldenEye
Thursday-15-02-2018_449.pcap,tcp_3054,tcp,3054,GoldenEye,Malware,DoS,GoldenEye
Thursday-15-02-2018_449.pcap,tcp_4834,tcp,4834,GoldenEye,Malware,DoS,GoldenEye
Thursday-15-02-2018_449.pcap,tcp_4757,tcp,4757,GoldenEye,Malware,DoS,GoldenEye
Thursday-15-02-2018_449.pcap,tcp_3028,tcp,3028,GoldenEye,Malware,DoS,GoldenEye
Thursday-15-02-2018_449.pcap,tcp_4756,tcp,4756,GoldenEye,Malware,DoS,GoldenEye
Thursday-15-02-2018_449.pcap,tcp_3053,tcp,3053,GoldenEye,Malware,DoS,GoldenEye
Thursday-15-02-2018_449.pcap,tcp_329,tcp,329,GoldenEye,Malware,DoS,GoldenEye
Thursday-15-02-2018_449.pcap,tcp_4773,tcp,4773,GoldenEye,Malware,DoS,GoldenEye
Thursday-15-02-2018_449.pcap,tcp_4673,tcp,4673,GoldenEye,Malware,DoS,GoldenEye
Thursday-15-02-2018_449.pcap,tcp_4745,tcp,4745,GoldenEye,Malware,DoS,GoldenEye
Thursday-15-02-2018_449.pcap,tcp_639,tcp,639,GoldenEye,Malware,DoS,GoldenEye
Thursday-15-02-2018_449.pcap,tcp_269,tcp,269,GoldenEye,Malware,DoS,GoldenEye
Thursday-15-02-2018_449.pcap,tcp_377,tcp,377,GoldenEye,Malware,DoS,GoldenEye
Thursday-15-02-2018_449.pcap,tcp_1967,tcp,1967,GoldenEye,Malware,DoS,GoldenEye
Thursday-15-02-2018_449.pcap,tcp_6919,tcp,6919,GoldenEye,Malware,DoS,GoldenEye
Thursday-15-02-2018_449.pcap,tcp_1942,tcp,1942,GoldenEye,Malware,DoS,GoldenEye
Thursday-15-02-2018_449.pcap,tcp_2981,tcp,2981,GoldenEye,Malware,DoS,GoldenEye
Thursday-15-02-2018_449.pcap,tcp_3049,tcp,3049,GoldenEye,Malware,DoS,GoldenEye
Thursday-15-02-2018_449.pcap,tcp_1934,tcp,1934,GoldenEye,Malware,DoS,GoldenEye
Thursday-15-02-2018_449.pcap,tcp_224,tcp,224,GoldenEye,Malware,DoS,GoldenEye
Thursday-15-02-2018_449.pcap,tcp_268,tcp,268,GoldenEye,Malware,DoS,GoldenEye
Thursday-15-02-2018_449.pcap,tcp_230,tcp,230,GoldenEye,Malware,DoS,GoldenEye
Thursday-15-02-2018_449.pcap,tcp_226,tcp,226,GoldenEye,Malware,DoS,GoldenEye
Thursday-15-02-2018_449.pcap,tcp_4665,tcp,4665,GoldenEye,Malware,DoS,GoldenEye
Thursday-15-02-2018_449.pcap,tcp_6950,tcp,6950,GoldenEye,Malware,DoS,GoldenEye
Thursday-15-02-2018_449.pcap,tcp_4679,tcp,4679,GoldenEye,Malware,DoS,GoldenEye
Thursday-15-02-2018_449.pcap,tcp_334,tcp,334,GoldenEye,Malware,DoS,GoldenEye
Thursday-15-02-2018_449.pcap,tcp_1907,tcp,1907,GoldenEye,Malware,DoS,GoldenEye
Thursday-15-02-2018_449.pcap,tcp_4812,tcp,4812,GoldenEye,Malware,DoS,GoldenEye
Thursday-15-02-2018_449.pcap,tcp_1994,tcp,1994,GoldenEye,Malware,DoS,GoldenEye
Thursday-15-02-2018_449.pcap,tcp_270,tcp,270,GoldenEye,Malware,DoS,GoldenEye
Thursday-15-02-2018_449.pcap,tcp_4837,tcp,4837,GoldenEye,Malware,DoS,GoldenEye
Thursday-15-02-2018_449.pcap,tcp_222,tcp,222,GoldenEye,Malware,DoS,GoldenEye
Thursday-15-02-2018_449.pcap,tcp_319,tcp,319,GoldenEye,Malware,DoS,GoldenEye
Thursday-15-02-2018_449.pcap,tcp_351,tcp,351,GoldenEye,Malware,DoS,GoldenEye
Thursday-15-02-2018_449.pcap,tcp_354,tcp,354,GoldenEye,Malware,DoS,GoldenEye
Thursday-15-02-2018_449.pcap,tcp_3003,tcp,3003,GoldenEye,Malware,DoS,GoldenEye
Thursday-15-02-2018_449.pcap,tcp_4769,tcp,4769,GoldenEye,Malware,DoS,GoldenEye
Thursday-15-02-2018_449.pcap,tcp_3070,tcp,3070,GoldenEye,Malware,DoS,GoldenEye
Thursday-15-02-2018_449.pcap,tcp_634,tcp,634,GoldenEye,Malware,DoS,GoldenEye
Thursday-15-02-2018_449.pcap,tcp_380,tcp,380,GoldenEye,Malware,DoS,GoldenEye
Thursday-15-02-2018_449.pcap,tcp_4741,tcp,4741,GoldenEye,Malware,DoS,GoldenEye
Thursday-15-02-2018_449.pcap,tcp_357,tcp,357,GoldenEye,Malware,DoS,GoldenEye
Thursday-15-02-2018_449.pcap,tcp_4677,tcp,4677,GoldenEye,Malware,DoS,GoldenEye
Thursday-15-02-2018_449.pcap,tcp_3061,tcp,3061,GoldenEye,Malware,DoS,GoldenEye
Thursday-15-02-2018_449.pcap,tcp_3023,tcp,3023,GoldenEye,Malware,DoS,GoldenEye
Thursday-15-02-2018_449.pcap,tcp_335,tcp,335,GoldenEye,Malware,DoS,GoldenEye
Thursday-15-02-2018_449.pcap,tcp_308,tcp,308,GoldenEye,Malware,DoS,GoldenEye
Thursday-15-02-2018_449.pcap,tcp_4699,tcp,4699,GoldenEye,Malware,DoS,GoldenEye
Thursday-15-02-2018_449.pcap,tcp_279,tcp,279,GoldenEye,Malware,DoS,GoldenEye
Thursday-15-02-2018_449.pcap,tcp_341,tcp,341,GoldenEye,Malware,DoS,GoldenEye
Thursday-15-02-2018_449.pcap,tcp_365,tcp,365,GoldenEye,Malware,DoS,GoldenEye
Thursday-15-02-2018_449.pcap,tcp_3065,tcp,3065,GoldenEye,Malware,DoS,GoldenEye
Thursday-15-02-2018_449.pcap,tcp_215,tcp,215,GoldenEye,Malware,DoS,GoldenEye
Thursday-15-02-2018_449.pcap,tcp_4712,tcp,4712,GoldenEye,Malware,DoS,GoldenEye
Thursday-15-02-2018_449.pcap,tcp_265,tcp,265,GoldenEye,Malware,DoS,GoldenEye
Thursday-15-02-2018_449.pcap,tcp_254,tcp,254,GoldenEye,Malware,DoS,GoldenEye
Thursday-15-02-2018_449.pcap,tcp_4836,tcp,4836,GoldenEye,Malware,DoS,GoldenEye
Thursday-15-02-2018_449.pcap,tcp_316,tcp,316,GoldenEye,Malware,DoS,GoldenEye
Thursday-15-02-2018_449.pcap,tcp_2979,tcp,2979,GoldenEye,Malware,DoS,GoldenEye
Thursday-15-02-2018_449.pcap,tcp_4826,tcp,4826,GoldenEye,Malware,DoS,GoldenEye
Thursday-15-02-2018_449.pcap,tcp_194,tcp,194,GoldenEye,Malware,DoS,GoldenEye
Thursday-15-02-2018_449.pcap,tcp_239,tcp,239,GoldenEye,Malware,DoS,GoldenEye
Thursday-15-02-2018_449.pcap,tcp_6929,tcp,6929,GoldenEye,Malware,DoS,GoldenEye
Thursday-15-02-2018_449.pcap,tcp_1920,tcp,1920,GoldenEye,Malware,DoS,GoldenEye
Thursday-15-02-2018_449.pcap,tcp_253,tcp,253,GoldenEye,Malware,DoS,GoldenEye
Thursday-15-02-2018_449.pcap,tcp_4795,tcp,4795,GoldenEye,Malware,DoS,GoldenEye
Thursday-15-02-2018_449.pcap,tcp_1917,tcp,1917,GoldenEye,Malware,DoS,GoldenEye
Thursday-15-02-2018_449.pcap,tcp_3035,tcp,3035,GoldenEye,Malware,DoS,GoldenEye
Thursday-15-02-2018_449.pcap,tcp_282,tcp,282,GoldenEye,Malware,DoS,GoldenEye
Thursday-15-02-2018_449.pcap,tcp_3015,tcp,3015,GoldenEye,Malware,DoS,GoldenEye
Thursday-15-02-2018_449.pcap,tcp_3048,tcp,3048,GoldenEye,Malware,DoS,GoldenEye
Thursday-15-02-2018_449.pcap,tcp_4707,tcp,4707,GoldenEye,Malware,DoS,GoldenEye
Thursday-15-02-2018_449.pcap,tcp_210,tcp,210,GoldenEye,Malware,DoS,GoldenEye
Thursday-15-02-2018_449.pcap,tcp_4710,tcp,4710,GoldenEye,Malware,DoS,GoldenEye
Thursday-15-02-2018_449.pcap,tcp_4755,tcp,4755,GoldenEye,Malware,DoS,GoldenEye
Thursday-15-02-2018_449.pcap,tcp_4675,tcp,4675,GoldenEye,Malware,DoS,GoldenEye
Thursday-15-02-2018_449.pcap,tcp_1974,tcp,1974,GoldenEye,Malware,DoS,GoldenEye
Thursday-15-02-2018_449.pcap,tcp_3051,tcp,3051,GoldenEye,Malware,DoS,GoldenEye
Thursday-15-02-2018_449.pcap,tcp_4667,tcp,4667,GoldenEye,Malware,DoS,GoldenEye
Thursday-15-02-2018_449.pcap,tcp_188,tcp,188,GoldenEye,Malware,DoS,GoldenEye
Thursday-15-02-2018_449.pcap,tcp_263,tcp,263,GoldenEye,Malware,DoS,GoldenEye
Thursday-15-02-2018_449.pcap,tcp_3000,tcp,3000,GoldenEye,Malware,DoS,GoldenEye
Thursday-15-02-2018_449.pcap,tcp_2004,tcp,2004,GoldenEye,Malware,DoS,GoldenEye
Thursday-15-02-2018_449.pcap,tcp_4658,tcp,4658,GoldenEye,Malware,DoS,GoldenEye
Thursday-15-02-2018_449.pcap,tcp_1936,tcp,1936,GoldenEye,Malware,DoS,GoldenEye
Thursday-15-02-2018_449.pcap,tcp_4730,tcp,4730,GoldenEye,Malware,DoS,GoldenEye
Thursday-15-02-2018_449.pcap,tcp_221,tcp,221,GoldenEye,Malware,DoS,GoldenEye
Thursday-15-02-2018_449.pcap,tcp_2017,tcp,2017,GoldenEye,Malware,DoS,GoldenEye
Thursday-15-02-2018_449.pcap,tcp_4659,tcp,4659,GoldenEye,Malware,DoS,GoldenEye
Thursday-15-02-2018_449.pcap,tcp_4657,tcp,4657,GoldenEye,Malware,DoS,GoldenEye
Thursday-15-02-2018_449.pcap,tcp_174,tcp,174,GoldenEye,Malware,DoS,GoldenEye
Thursday-15-02-2018_449.pcap,tcp_3042,tcp,3042,GoldenEye,Malware,DoS,GoldenEye
Thursday-15-02-2018_449.pcap,tcp_313,tcp,313,GoldenEye,Malware,DoS,GoldenEye
Thursday-15-02-2018_449.pcap,tcp_4823,tcp,4823,GoldenEye,Malware,DoS,GoldenEye
Thursday-15-02-2018_449.pcap,tcp_4691,tcp,4691,GoldenEye,Malware,DoS,GoldenEye
Thursday-15-02-2018_449.pcap,tcp_345,tcp,345,GoldenEye,Malware,DoS,GoldenEye
Thursday-15-02-2018_449.pcap,tcp_193,tcp,193,GoldenEye,Malware,DoS,GoldenEye
Thursday-15-02-2018_449.pcap,tcp_293,tcp,293,GoldenEye,Malware,DoS,GoldenEye
Thursday-15-02-2018_449.pcap,tcp_4732,tcp,4732,GoldenEye,Malware,DoS,GoldenEye
Thursday-15-02-2018_449.pcap,tcp_320,tcp,320,GoldenEye,Malware,DoS,GoldenEye
Thursday-15-02-2018_449.pcap,tcp_392,tcp,392,GoldenEye,Malware,DoS,GoldenEye
Thursday-15-02-2018_449.pcap,tcp_306,tcp,306,GoldenEye,Malware,DoS,GoldenEye
Thursday-15-02-2018_449.pcap,tcp_4786,tcp,4786,GoldenEye,Malware,DoS,GoldenEye
Thursday-15-02-2018_449.pcap,tcp_214,tcp,214,GoldenEye,Malware,DoS,GoldenEye
Thursday-15-02-2018_449.pcap,tcp_642,tcp,642,GoldenEye,Malware,DoS,GoldenEye
Thursday-15-02-2018_449.pcap,tcp_3075,tcp,3075,GoldenEye,Malware,DoS,GoldenEye
Thursday-15-02-2018_449.pcap,tcp_3033,tcp,3033,GoldenEye,Malware,DoS,GoldenEye
Thursday-15-02-2018_449.pcap,tcp_4703,tcp,4703,GoldenEye,Malware,DoS,GoldenEye
Thursday-15-02-2018_449.pcap,tcp_3066,tcp,3066,GoldenEye,Malware,DoS,GoldenEye
Thursday-15-02-2018_449.pcap,tcp_1910,tcp,1910,GoldenEye,Malware,DoS,GoldenEye
Thursday-15-02-2018_449.pcap,tcp_3037,tcp,3037,GoldenEye,Malware,DoS,GoldenEye
Thursday-15-02-2018_449.pcap,tcp_3020,tcp,3020,GoldenEye,Malware,DoS,GoldenEye
Thursday-15-02-2018_449.pcap,tcp_346,tcp,346,GoldenEye,Malware,DoS,GoldenEye
Thursday-15-02-2018_449.pcap,tcp_321,tcp,321,GoldenEye,Malware,DoS,GoldenEye
Thursday-15-02-2018_449.pcap,tcp_304,tcp,304,GoldenEye,Malware,DoS,GoldenEye
Thursday-15-02-2018_449.pcap,tcp_180,tcp,180,GoldenEye,Malware,DoS,GoldenEye
Wednesday-14-02-2018_448.pcap,tcp_266010,tcp,266010,SSH-Patator,Malware,Patator,SSH-Patator
Wednesday-14-02-2018_448.pcap,tcp_247479,tcp,247479,SSH-Patator,Malware,Patator,SSH-Patator
Wednesday-14-02-2018_448.pcap,tcp_235578,tcp,235578,SSH-Patator,Malware,Patator,SSH-Patator
Wednesday-14-02-2018_448.pcap,tcp_226700,tcp,226700,SSH-Patator,Malware,Patator,SSH-Patator
Wednesday-14-02-2018_448.pcap,tcp_249504,tcp,249504,SSH-Patator,Malware,Patator,SSH-Patator
Wednesday-14-02-2018_448.pcap,tcp_270016,tcp,270016,SSH-Patator,Malware,Patator,SSH-Patator
Wednesday-14-02-2018_448.pcap,tcp_282637,tcp,282637,SSH-Patator,Malware,Patator,SSH-Patator
Wednesday-14-02-2018_448.pcap,tcp_216209,tcp,216209,SSH-Patator,Malware,Patator,SSH-Patator
Wednesday-14-02-2018_448.pcap,tcp_206913,tcp,206913,SSH-Patator,Malware,Patator,SSH-Patator
Wednesday-14-02-2018_448.pcap,tcp_277193,tcp,277193,SSH-Patator,Malware,Patator,SSH-Patator
Wednesday-14-02-2018_448.pcap,tcp_273087,tcp,273087,SSH-Patator,Malware,Patator,SSH-Patator
Wednesday-14-02-2018_448.pcap,tcp_229813,tcp,229813,SSH-Patator,Malware,Patator,SSH-Patator
Wednesday-14-02-2018_448.pcap,tcp_280700,tcp,280700,SSH-Patator,Malware,Patator,SSH-Patator
Wednesday-14-02-2018_448.pcap,tcp_254866,tcp,254866,SSH-Patator,Malware,Patator,SSH-Patator
Wednesday-14-02-2018_448.pcap,tcp_227032,tcp,227032,SSH-Patator,Malware,Patator,SSH-Patator
Wednesday-14-02-2018_448.pcap,tcp_263622,tcp,263622,SSH-Patator,Malware,Patator,SSH-Patator
Wednesday-14-02-2018_448.pcap,tcp_218378,tcp,218378,SSH-Patator,Malware,Patator,SSH-Patator
Wednesday-14-02-2018_448.pcap,tcp_266813,tcp,266813,SSH-Patator,Malware,Patator,SSH-Patator
Wednesday-14-02-2018_448.pcap,tcp_284271,tcp,284271,SSH-Patator,Malware,Patator,SSH-Patator
Wednesday-14-02-2018_448.pcap,tcp_265693,tcp,265693,SSH-Patator,Malware,Patator,SSH-Patator
Wednesday-14-02-2018_448.pcap,tcp_227483,tcp,227483,SSH-Patator,Malware,Patator,SSH-Patator
Wednesday-14-02-2018_448.pcap,tcp_278020,tcp,278020,SSH-Patator,Malware,Patator,SSH-Patator
Wednesday-14-02-2018_448.pcap,tcp_237052,tcp,237052,SSH-Patator,Malware,Patator,SSH-Patator
Wednesday-14-02-2018_448.pcap,tcp_261559,tcp,261559,SSH-Patator,Malware,Patator,SSH-Patator
Wednesday-14-02-2018_448.pcap,tcp_272382,tcp,272382,SSH-Patator,Malware,Patator,SSH-Patator
Wednesday-14-02-2018_448.pcap,tcp_268531,tcp,268531,SSH-Patator,Malware,Patator,SSH-Patator
Wednesday-14-02-2018_448.pcap,tcp_217710,tcp,217710,SSH-Patator,Malware,Patator,SSH-Patator
Wednesday-14-02-2018_448.pcap,tcp_234412,tcp,234412,SSH-Patator,Malware,Patator,SSH-Patator
Wednesday-14-02-2018_448.pcap,tcp_240922,tcp,240922,SSH-Patator,Malware,Patator,SSH-Patator
Wednesday-14-02-2018_448.pcap,tcp_278820,tcp,278820,SSH-Patator,Malware,Patator,SSH-Patator
Wednesday-14-02-2018_448.pcap,tcp_247008,tcp,247008,SSH-Patator,Malware,Patator,SSH-Patator
Wednesday-14-02-2018_448.pcap,tcp_256813,tcp,256813,SSH-Patator,Malware,Patator,SSH-Patator
Wednesday-14-02-2018_448.pcap,tcp_247016,tcp,247016,SSH-Patator,Malware,Patator,SSH-Patator
Wednesday-14-02-2018_448.pcap,tcp_204290,tcp,204290,SSH-Patator,Malware,Patator,SSH-Patator
Wednesday-14-02-2018_448.pcap,tcp_239167,tcp,239167,SSH-Patator,Malware,Patator,SSH-Patator
Wednesday-14-02-2018_448.pcap,tcp_268147,tcp,268147,SSH-Patator,Malware,Patator,SSH-Patator
Wednesday-14-02-2018_448.pcap,tcp_205028,tcp,205028,SSH-Patator,Malware,Patator,SSH-Patator
Wednesday-14-02-2018_448.pcap,tcp_262164,tcp,262164,SSH-Patator,Malware,Patator,SSH-Patator
Wednesday-14-02-2018_448.pcap,tcp_250185,tcp,250185,SSH-Patator,Malware,Patator,SSH-Patator
Wednesday-14-02-2018_448.pcap,tcp_194781,tcp,194781,SSH-Patator,Malware,Patator,SSH-Patator
Wednesday-14-02-2018_448.pcap,tcp_222247,tcp,222247,SSH-Patator,Malware,Patator,SSH-Patator
Wednesday-14-02-2018_448.pcap,tcp_256380,tcp,256380,SSH-Patator,Malware,Patator,SSH-Patator
Wednesday-14-02-2018_448.pcap,tcp_198853,tcp,198853,SSH-Patator,Malware,Patator,SSH-Patator
Wednesday-14-02-2018_448.pcap,tcp_236365,tcp,236365,SSH-Patator,Malware,Patator,SSH-Patator
Wednesday-14-02-2018_448.pcap,tcp_213461,tcp,213461,SSH-Patator,Malware,Patator,SSH-Patator
Wednesday-14-02-2018_448.pcap,tcp_210440,tcp,210440,SSH-Patator,Malware,Patator,SSH-Patator
Wednesday-14-02-2018_448.pcap,tcp_272613,tcp,272613,SSH-Patator,Malware,Patator,SSH-Patator
Wednesday-14-02-2018_448.pcap,tcp_244016,tcp,244016,SSH-Patator,Malware,Patator,SSH-Patator
Wednesday-14-02-2018_448.pcap,tcp_271599,tcp,271599,SSH-Patator,Malware,Patator,SSH-Patator
Wednesday-14-02-2018_448.pcap,tcp_197901,tcp,197901,SSH-Patator,Malware,Patator,SSH-Patator
Wednesday-14-02-2018_448.pcap,tcp_226639,tcp,226639,SSH-Patator,Malware,Patator,SSH-Patator
Wednesday-14-02-2018_448.pcap,tcp_272733,tcp,272733,SSH-Patator,Malware,Patator,SSH-Patator
Wednesday-14-02-2018_448.pcap,tcp_223906,tcp,223906,SSH-Patator,Malware,Patator,SSH-Patator
Wednesday-14-02-2018_448.pcap,tcp_242172,tcp,242172,SSH-Patator,Malware,Patator,SSH-Patator
Wednesday-14-02-2018_448.pcap,tcp_231346,tcp,231346,SSH-Patator,Malware,Patator,SSH-Patator
Wednesday-14-02-2018_448.pcap,tcp_208413,tcp,208413,SSH-Patator,Malware,Patator,SSH-Patator
Wednesday-14-02-2018_448.pcap,tcp_270420,tcp,270420,SSH-Patator,Malware,Patator,SSH-Patator
Wednesday-14-02-2018_448.pcap,tcp_209722,tcp,209722,SSH-Patator,Malware,Patator,SSH-Patator
Wednesday-14-02-2018_448.pcap,tcp_216382,tcp,216382,SSH-Patator,Malware,Patator,SSH-Patator
Wednesday-14-02-2018_448.pcap,tcp_204277,tcp,204277,SSH-Patator,Malware,Patator,SSH-Patator
Wednesday-14-02-2018_448.pcap,tcp_234425,tcp,234425,SSH-Patator,Malware,Patator,SSH-Patator
Wednesday-14-02-2018_448.pcap,tcp_257605,tcp,257605,SSH-Patator,Malware,Patator,SSH-Patator
Wednesday-14-02-2018_448.pcap,tcp_246085,tcp,246085,SSH-Patator,Malware,Patator,SSH-Patator
Wednesday-14-02-2018_448.pcap,tcp_250496,tcp,250496,SSH-Patator,Malware,Patator,SSH-Patator
Wednesday-14-02-2018_448.pcap,tcp_224744,tcp,224744,SSH-Patator,Malware,Patator,SSH-Patator
Wednesday-14-02-2018_448.pcap,tcp_271225,tcp,271225,SSH-Patator,Malware,Patator,SSH-Patator
Wednesday-14-02-2018_448.pcap,tcp_252892,tcp,252892,SSH-Patator,Malware,Patator,SSH-Patator
Wednesday-14-02-2018_448.pcap,tcp_242199,tcp,242199,SSH-Patator,Malware,Patator,SSH-Patator
Wednesday-14-02-2018_448.pcap,tcp_285948,tcp,285948,SSH-Patator,Malware,Patator,SSH-Patator
Wednesday-14-02-2018_448.pcap,tcp_266814,tcp,266814,SSH-Patator,Malware,Patator,SSH-Patator
Wednesday-14-02-2018_448.pcap,tcp_273963,tcp,273963,SSH-Patator,Malware,Patator,SSH-Patator
Wednesday-14-02-2018_448.pcap,tcp_283669,tcp,283669,SSH-Patator,Malware,Patator,SSH-Patator
Wednesday-14-02-2018_448.pcap,tcp_253856,tcp,253856,SSH-Patator,Malware,Patator,SSH-Patator
Wednesday-14-02-2018_448.pcap,tcp_199905,tcp,199905,SSH-Patator,Malware,Patator,SSH-Patator
Wednesday-14-02-2018_448.pcap,tcp_274287,tcp,274287,SSH-Patator,Malware,Patator,SSH-Patator
Wednesday-14-02-2018_448.pcap,tcp_219740,tcp,219740,SSH-Patator,Malware,Patator,SSH-Patator
Wednesday-14-02-2018_448.pcap,tcp_262478,tcp,262478,SSH-Patator,Malware,Patator,SSH-Patator
Wednesday-14-02-2018_448.pcap,tcp_217807,tcp,217807,SSH-Patator,Malware,Patator,SSH-Patator
Wednesday-14-02-2018_448.pcap,tcp_247568,tcp,247568,SSH-Patator,Malware,Patator,SSH-Patator
Wednesday-14-02-2018_448.pcap,tcp_234839,tcp,234839,SSH-Patator,Malware,Patator,SSH-Patator
Wednesday-14-02-2018_448.pcap,tcp_226658,tcp,226658,SSH-Patator,Malware,Patator,SSH-Patator
Wednesday-14-02-2018_448.pcap,tcp_248315,tcp,248315,SSH-Patator,Malware,Patator,SSH-Patator
Wednesday-14-02-2018_448.pcap,tcp_195318,tcp,195318,SSH-Patator,Malware,Patator,SSH-Patator
Wednesday-14-02-2018_448.pcap,tcp_262169,tcp,262169,SSH-Patator,Malware,Patator,SSH-Patator
Wednesday-14-02-2018_448.pcap,tcp_263655,tcp,263655,SSH-Patator,Malware,Patator,SSH-Patator
Wednesday-14-02-2018_448.pcap,tcp_206562,tcp,206562,SSH-Patator,Malware,Patator,SSH-Patator
Wednesday-14-02-2018_448.pcap,tcp_194996,tcp,194996,SSH-Patator,Malware,Patator,SSH-Patator
Wednesday-14-02-2018_448.pcap,tcp_278409,tcp,278409,SSH-Patator,Malware,Patator,SSH-Patator
Wednesday-14-02-2018_448.pcap,tcp_243301,tcp,243301,SSH-Patator,Malware,Patator,SSH-Patator
Wednesday-14-02-2018_448.pcap,tcp_227840,tcp,227840,SSH-Patator,Malware,Patator,SSH-Patator
Wednesday-14-02-2018_448.pcap,tcp_202685,tcp,202685,SSH-Patator,Malware,Patator,SSH-Patator
Wednesday-14-02-2018_448.pcap,tcp_199054,tcp,199054,SSH-Patator,Malware,Patator,SSH-Patator
Wednesday-14-02-2018_448.pcap,tcp_214330,tcp,214330,SSH-Patator,Malware,Patator,SSH-Patator
Wednesday-14-02-2018_448.pcap,tcp_283041,tcp,283041,SSH-Patator,Malware,Patator,SSH-Patator
Wednesday-14-02-2018_448.pcap,tcp_276733,tcp,276733,SSH-Patator,Malware,Patator,SSH-Patator
Wednesday-14-02-2018_448.pcap,tcp_225765,tcp,225765,SSH-Patator,Malware,Patator,SSH-Patator
Wednesday-14-02-2018_448.pcap,tcp_282757,tcp,282757,SSH-Patator,Malware,Patator,SSH-Patator
Wednesday-14-02-2018_448.pcap,tcp_206011,tcp,206011,SSH-Patator,Malware,Patator,SSH-Patator
Wednesday-14-02-2018_448.pcap,tcp_285219,tcp,285219,SSH-Patator,Malware,Patator,SSH-Patator
Wednesday-14-02-2018_448.pcap,tcp_283142,tcp,283142,SSH-Patator,Malware,Patator,SSH-Patator
Wednesday-14-02-2018_448.pcap,tcp_256254,tcp,256254,SSH-Patator,Malware,Patator,SSH-Patator
Wednesday-14-02-2018_448.pcap,tcp_236440,tcp,236440,SSH-Patator,Malware,Patator,SSH-Patator
Wednesday-14-02-2018_448.pcap,tcp_262999,tcp,262999,SSH-Patator,Malware,Patator,SSH-Patator
Wednesday-14-02-2018_448.pcap,tcp_225844,tcp,225844,SSH-Patator,Malware,Patator,SSH-Patator
Wednesday-14-02-2018_448.pcap,tcp_257110,tcp,257110,SSH-Patator,Malware,Patator,SSH-Patator
Wednesday-14-02-2018_448.pcap,tcp_286668,tcp,286668,SSH-Patator,Malware,Patator,SSH-Patator
Wednesday-14-02-2018_448.pcap,tcp_251455,tcp,251455,SSH-Patator,Malware,Patator,SSH-Patator
Wednesday-14-02-2018_448.pcap,tcp_219310,tcp,219310,SSH-Patator,Malware,Patator,SSH-Patator
Wednesday-14-02-2018_448.pcap,tcp_224907,tcp,224907,SSH-Patator,Malware,Patator,SSH-Patator
Wednesday-14-02-2018_448.pcap,tcp_274811,tcp,274811,SSH-Patator,Malware,Patator,SSH-Patator
Wednesday-14-02-2018_448.pcap,tcp_211652,tcp,211652,SSH-Patator,Malware,Patator,SSH-Patator
Wednesday-14-02-2018_448.pcap,tcp_222003,tcp,222003,SSH-Patator,Malware,Patator,SSH-Patator
Wednesday-14-02-2018_448.pcap,tcp_227872,tcp,227872,SSH-Patator,Malware,Patator,SSH-Patator
Wednesday-14-02-2018_448.pcap,tcp_214076,tcp,214076,SSH-Patator,Malware,Patator,SSH-Patator
Wednesday-14-02-2018_448.pcap,tcp_268328,tcp,268328,SSH-Patator,Malware,Patator,SSH-Patator
Wednesday-14-02-2018_448.pcap,tcp_280217,tcp,280217,SSH-Patator,Malware,Patator,SSH-Patator
Wednesday-14-02-2018_448.pcap,tcp_197785,tcp,197785,SSH-Patator,Malware,Patator,SSH-Patator
Wednesday-14-02-2018_448.pcap,tcp_202151,tcp,202151,SSH-Patator,Malware,Patator,SSH-Patator
Wednesday-14-02-2018_448.pcap,tcp_203108,tcp,203108,SSH-Patator,Malware,Patator,SSH-Patator
Wednesday-14-02-2018_448.pcap,tcp_200854,tcp,200854,SSH-Patator,Malware,Patator,SSH-Patator
Wednesday-14-02-2018_448.pcap,tcp_219702,tcp,219702,SSH-Patator,Malware,Patator,SSH-Patator
Wednesday-14-02-2018_448.pcap,tcp_208060,tcp,208060,SSH-Patator,Malware,Patator,SSH-Patator
Wednesday-14-02-2018_448.pcap,tcp_205714,tcp,205714,SSH-Patator,Malware,Patator,SSH-Patator
Wednesday-14-02-2018_448.pcap,tcp_204780,tcp,204780,SSH-Patator,Malware,Patator,SSH-Patator
Wednesday-14-02-2018_448.pcap,tcp_261162,tcp,261162,SSH-Patator,Malware,Patator,SSH-Patator
Wednesday-14-02-2018_448.pcap,tcp_245493,tcp,245493,SSH-Patator,Malware,Patator,SSH-Patator
Wednesday-14-02-2018_448.pcap,tcp_274555,tcp,274555,SSH-Patator,Malware,Patator,SSH-Patator
Wednesday-14-02-2018_448.pcap,tcp_219047,tcp,219047,SSH-Patator,Malware,Patator,SSH-Patator
Wednesday-14-02-2018_448.pcap,tcp_256302,tcp,256302,SSH-Patator,Malware,Patator,SSH-Patator
Wednesday-14-02-2018_448.pcap,tcp_252602,tcp,252602,SSH-Patator,Malware,Patator,SSH-Patator
Wednesday-14-02-2018_448.pcap,tcp_216834,tcp,216834,SSH-Patator,Malware,Patator,SSH-Patator
Wednesday-14-02-2018_448.pcap,tcp_275123,tcp,275123,SSH-Patator,Malware,Patator,SSH-Patator
Wednesday-14-02-2018_448.pcap,tcp_204338,tcp,204338,SSH-Patator,Malware,Patator,SSH-Patator
Wednesday-14-02-2018_448.pcap,tcp_223000,tcp,223000,SSH-Patator,Malware,Patator,SSH-Patator
Wednesday-14-02-2018_448.pcap,tcp_220863,tcp,220863,SSH-Patator,Malware,Patator,SSH-Patator
Wednesday-14-02-2018_448.pcap,tcp_201380,tcp,201380,SSH-Patator,Malware,Patator,SSH-Patator
Wednesday-14-02-2018_448.pcap,tcp_241694,tcp,241694,SSH-Patator,Malware,Patator,SSH-Patator
Wednesday-14-02-2018_448.pcap,tcp_257826,tcp,257826,SSH-Patator,Malware,Patator,SSH-Patator
Wednesday-14-02-2018_448.pcap,tcp_253716,tcp,253716,SSH-Patator,Malware,Patator,SSH-Patator
Wednesday-14-02-2018_448.pcap,tcp_262872,tcp,262872,SSH-Patator,Malware,Patator,SSH-Patator
Wednesday-14-02-2018_448.pcap,tcp_254071,tcp,254071,SSH-Patator,Malware,Patator,SSH-Patator
Wednesday-14-02-2018_448.pcap,tcp_203245,tcp,203245,SSH-Patator,Malware,Patator,SSH-Patator
Wednesday-14-02-2018_448.pcap,tcp_245212,tcp,245212,SSH-Patator,Malware,Patator,SSH-Patator
Wednesday-14-02-2018_448.pcap,tcp_241649,tcp,241649,SSH-Patator,Malware,Patator,SSH-Patator
Wednesday-14-02-2018_448.pcap,tcp_254802,tcp,254802,SSH-Patator,Malware,Patator,SSH-Patator
Wednesday-14-02-2018_448.pcap,tcp_237607,tcp,237607,SSH-Patator,Malware,Patator,SSH-Patator
Wednesday-14-02-2018_448.pcap,tcp_283735,tcp,283735,SSH-Patator,Malware,Patator,SSH-Patator
Wednesday-14-02-2018_448.pcap,tcp_252218,tcp,252218,SSH-Patator,Malware,Patator,SSH-Patator
Wednesday-14-02-2018_448.pcap,tcp_256805,tcp,256805,SSH-Patator,Malware,Patator,SSH-Patator
Wednesday-14-02-2018_448.pcap,tcp_224626,tcp,224626,SSH-Patator,Malware,Patator,SSH-Patator
Wednesday-14-02-2018_448.pcap,tcp_202038,tcp,202038,SSH-Patator,Malware,Patator,SSH-Patator
Wednesday-14-02-2018_448.pcap,tcp_223739,tcp,223739,SSH-Patator,Malware,Patator,SSH-Patator
Wednesday-14-02-2018_448.pcap,tcp_206300,tcp,206300,SSH-Patator,Malware,Patator,SSH-Patator
Wednesday-14-02-2018_448.pcap,tcp_224313,tcp,224313,SSH-Patator,Malware,Patator,SSH-Patator
Wednesday-14-02-2018_448.pcap,tcp_268757,tcp,268757,SSH-Patator,Malware,Patator,SSH-Patator
Wednesday-14-02-2018_448.pcap,tcp_221156,tcp,221156,SSH-Patator,Malware,Patator,SSH-Patator
Wednesday-14-02-2018_448.pcap,tcp_226261,tcp,226261,SSH-Patator,Malware,Patator,SSH-Patator
Wednesday-14-02-2018_448.pcap,tcp_208406,tcp,208406,SSH-Patator,Malware,Patator,SSH-Patator
Wednesday-14-02-2018_448.pcap,tcp_279978,tcp,279978,SSH-Patator,Malware,Patator,SSH-Patator
Wednesday-14-02-2018_448.pcap,tcp_238567,tcp,238567,SSH-Patator,Malware,Patator,SSH-Patator
Wednesday-14-02-2018_448.pcap,tcp_213470,tcp,213470,SSH-Patator,Malware,Patator,SSH-Patator
Wednesday-14-02-2018_448.pcap,tcp_211577,tcp,211577,SSH-Patator,Malware,Patator,SSH-Patator
Wednesday-14-02-2018_448.pcap,tcp_231907,tcp,231907,SSH-Patator,Malware,Patator,SSH-Patator
Wednesday-14-02-2018_448.pcap,tcp_274723,tcp,274723,SSH-Patator,Malware,Patator,SSH-Patator
Wednesday-14-02-2018_448.pcap,tcp_269108,tcp,269108,SSH-Patator,Malware,Patator,SSH-Patator
Wednesday-14-02-2018_448.pcap,tcp_257906,tcp,257906,SSH-Patator,Malware,Patator,SSH-Patator
Wednesday-14-02-2018_448.pcap,tcp_267355,tcp,267355,SSH-Patator,Malware,Patator,SSH-Patator
Wednesday-14-02-2018_448.pcap,tcp_276626,tcp,276626,SSH-Patator,Malware,Patator,SSH-Patator
Wednesday-14-02-2018_448.pcap,tcp_265420,tcp,265420,SSH-Patator,Malware,Patator,SSH-Patator
Wednesday-14-02-2018_448.pcap,tcp_198878,tcp,198878,SSH-Patator,Malware,Patator,SSH-Patator
Wednesday-14-02-2018_448.pcap,tcp_204138,tcp,204138,SSH-Patator,Malware,Patator,SSH-Patator
Wednesday-14-02-2018_448.pcap,tcp_196495,tcp,196495,SSH-Patator,Malware,Patator,SSH-Patator
Wednesday-14-02-2018_448.pcap,tcp_266061,tcp,266061,SSH-Patator,Malware,Patator,SSH-Patator
Wednesday-14-02-2018_448.pcap,tcp_236658,tcp,236658,SSH-Patator,Malware,Patator,SSH-Patator
Wednesday-14-02-2018_448.pcap,tcp_232095,tcp,232095,SSH-Patator,Malware,Patator,SSH-Patator
Wednesday-14-02-2018_448.pcap,tcp_206830,tcp,206830,SSH-Patator,Malware,Patator,SSH-Patator
Wednesday-14-02-2018_448.pcap,tcp_259257,tcp,259257,SSH-Patator,Malware,Patator,SSH-Patator
Wednesday-14-02-2018_448.pcap,tcp_217752,tcp,217752,SSH-Patator,Malware,Patator,SSH-Patator
Wednesday-14-02-2018_448.pcap,tcp_209680,tcp,209680,SSH-Patator,Malware,Patator,SSH-Patator
Wednesday-14-02-2018_448.pcap,tcp_245621,tcp,245621,SSH-Patator,Malware,Patator,SSH-Patator
Wednesday-14-02-2018_448.pcap,tcp_238628,tcp,238628,SSH-Patator,Malware,Patator,SSH-Patator
Wednesday-14-02-2018_448.pcap,tcp_285664,tcp,285664,SSH-Patator,Malware,Patator,SSH-Patator
Wednesday-14-02-2018_448.pcap,tcp_206528,tcp,206528,SSH-Patator,Malware,Patator,SSH-Patator
Wednesday-14-02-2018_448.pcap,tcp_240476,tcp,240476,SSH-Patator,Malware,Patator,SSH-Patator
Wednesday-14-02-2018_448.pcap,tcp_280578,tcp,280578,SSH-Patator,Malware,Patator,SSH-Patator
Wednesday-14-02-2018_448.pcap,tcp_215329,tcp,215329,SSH-Patator,Malware,Patator,SSH-Patator
Wednesday-14-02-2018_448.pcap,tcp_232146,tcp,232146,SSH-Patator,Malware,Patator,SSH-Patator
Wednesday-14-02-2018_448.pcap,tcp_258315,tcp,258315,SSH-Patator,Malware,Patator,SSH-Patator
Wednesday-14-02-2018_448.pcap,tcp_271100,tcp,271100,SSH-Patator,Malware,Patator,SSH-Patator
Wednesday-14-02-2018_448.pcap,tcp_285093,tcp,285093,SSH-Patator,Malware,Patator,SSH-Patator
Wednesday-14-02-2018_448.pcap,tcp_206764,tcp,206764,SSH-Patator,Malware,Patator,SSH-Patator
Wednesday-14-02-2018_448.pcap,tcp_245075,tcp,245075,SSH-Patator,Malware,Patator,SSH-Patator
Wednesday-14-02-2018_448.pcap,tcp_225915,tcp,225915,SSH-Patator,Malware,Patator,SSH-Patator
Wednesday-14-02-2018_448.pcap,tcp_248803,tcp,248803,SSH-Patator,Malware,Patator,SSH-Patator
Wednesday-14-02-2018_448.pcap,tcp_266089,tcp,266089,SSH-Patator,Malware,Patator,SSH-Patator
Wednesday-14-02-2018_448.pcap,tcp_282410,tcp,282410,SSH-Patator,Malware,Patator,SSH-Patator
Wednesday-14-02-2018_448.pcap,tcp_217607,tcp,217607,SSH-Patator,Malware,Patator,SSH-Patator
Wednesday-14-02-2018_448.pcap,tcp_268053,tcp,268053,SSH-Patator,Malware,Patator,SSH-Patator
Wednesday-14-02-2018_448.pcap,tcp_272561,tcp,272561,SSH-Patator,Malware,Patator,SSH-Patator
Wednesday-14-02-2018_448.pcap,tcp_196116,tcp,196116,SSH-Patator,Malware,Patator,SSH-Patator
Wednesday-14-02-2018_448.pcap,tcp_270400,tcp,270400,SSH-Patator,Malware,Patator,SSH-Patator
Wednesday-14-02-2018_448.pcap,tcp_273134,tcp,273134,SSH-Patator,Malware,Patator,SSH-Patator
Wednesday-14-02-2018_448.pcap,tcp_205840,tcp,205840,SSH-Patator,Malware,Patator,SSH-Patator
Wednesday-14-02-2018_448.pcap,tcp_194669,tcp,194669,SSH-Patator,Malware,Patator,SSH-Patator
Wednesday-14-02-2018_448.pcap,tcp_258443,tcp,258443,SSH-Patator,Malware,Patator,SSH-Patator
Wednesday-14-02-2018_448.pcap,tcp_276089,tcp,276089,SSH-Patator,Malware,Patator,SSH-Patator
Wednesday-14-02-2018_448.pcap,tcp_209146,tcp,209146,SSH-Patator,Malware,Patator,SSH-Patator
Wednesday-14-02-2018_448.pcap,tcp_237740,tcp,237740,SSH-Patator,Malware,Patator,SSH-Patator
Wednesday-14-02-2018_448.pcap,tcp_197448,tcp,197448,SSH-Patator,Malware,Patator,SSH-Patator
Wednesday-14-02-2018_448.pcap,tcp_205980,tcp,205980,SSH-Patator,Malware,Patator,SSH-Patator
Wednesday-14-02-2018_448.pcap,tcp_271029,tcp,271029,SSH-Patator,Malware,Patator,SSH-Patator
Wednesday-14-02-2018_448.pcap,tcp_212938,tcp,212938,SSH-Patator,Malware,Patator,SSH-Patator
Wednesday-14-02-2018_448.pcap,tcp_266966,tcp,266966,SSH-Patator,Malware,Patator,SSH-Patator
Wednesday-14-02-2018_448.pcap,tcp_239684,tcp,239684,SSH-Patator,Malware,Patator,SSH-Patator
Wednesday-14-02-2018_448.pcap,tcp_237842,tcp,237842,SSH-Patator,Malware,Patator,SSH-Patator
Wednesday-14-02-2018_448.pcap,tcp_283059,tcp,283059,SSH-Patator,Malware,Patator,SSH-Patator
Wednesday-14-02-2018_448.pcap,tcp_233065,tcp,233065,SSH-Patator,Malware,Patator,SSH-Patator
Wednesday-14-02-2018_448.pcap,tcp_270707,tcp,270707,SSH-Patator,Malware,Patator,SSH-Patator
Wednesday-14-02-2018_448.pcap,tcp_241067,tcp,241067,SSH-Patator,Malware,Patator,SSH-Patator
Wednesday-14-02-2018_448.pcap,tcp_273990,tcp,273990,SSH-Patator,Malware,Patator,SSH-Patator
Wednesday-14-02-2018_448.pcap,tcp_199093,tcp,199093,SSH-Patator,Malware,Patator,SSH-Patator
Wednesday-14-02-2018_448.pcap,tcp_257208,tcp,257208,SSH-Patator,Malware,Patator,SSH-Patator
Wednesday-14-02-2018_448.pcap,tcp_235235,tcp,235235,SSH-Patator,Malware,Patator,SSH-Patator
Wednesday-14-02-2018_448.pcap,tcp_222635,tcp,222635,SSH-Patator,Malware,Patator,SSH-Patator
Wednesday-14-02-2018_448.pcap,tcp_224276,tcp,224276,SSH-Patator,Malware,Patator,SSH-Patator
Wednesday-14-02-2018_448.pcap,tcp_206085,tcp,206085,SSH-Patator,Malware,Patator,SSH-Patator
Wednesday-14-02-2018_448.pcap,tcp_264549,tcp,264549,SSH-Patator,Malware,Patator,SSH-Patator
Wednesday-14-02-2018_448.pcap,tcp_250372,tcp,250372,SSH-Patator,Malware,Patator,SSH-Patator
Wednesday-14-02-2018_448.pcap,tcp_276466,tcp,276466,SSH-Patator,Malware,Patator,SSH-Patator
Wednesday-14-02-2018_448.pcap,tcp_280862,tcp,280862,SSH-Patator,Malware,Patator,SSH-Patator
Wednesday-14-02-2018_448.pcap,tcp_280935,tcp,280935,SSH-Patator,Malware,Patator,SSH-Patator
Wednesday-14-02-2018_448.pcap,tcp_200512,tcp,200512,SSH-Patator,Malware,Patator,SSH-Patator
Wednesday-14-02-2018_448.pcap,tcp_220958,tcp,220958,SSH-Patator,Malware,Patator,SSH-Patator
Wednesday-14-02-2018_448.pcap,tcp_251216,tcp,251216,SSH-Patator,Malware,Patator,SSH-Patator
Wednesday-14-02-2018_448.pcap,tcp_223090,tcp,223090,SSH-Patator,Malware,Patator,SSH-Patator
Wednesday-14-02-2018_448.pcap,tcp_253484,tcp,253484,SSH-Patator,Malware,Patator,SSH-Patator
Wednesday-14-02-2018_448.pcap,tcp_256144,tcp,256144,SSH-Patator,Malware,Patator,SSH-Patator
Wednesday-14-02-2018_448.pcap,tcp_210200,tcp,210200,SSH-Patator,Malware,Patator,SSH-Patator
Wednesday-14-02-2018_448.pcap,tcp_227227,tcp,227227,SSH-Patator,Malware,Patator,SSH-Patator
Wednesday-14-02-2018_448.pcap,tcp_202975,tcp,202975,SSH-Patator,Malware,Patator,SSH-Patator
Wednesday-14-02-2018_448.pcap,tcp_200420,tcp,200420,SSH-Patator,Malware,Patator,SSH-Patator
Wednesday-14-02-2018_448.pcap,tcp_266362,tcp,266362,SSH-Patator,Malware,Patator,SSH-Patator
Wednesday-14-02-2018_448.pcap,tcp_268187,tcp,268187,SSH-Patator,Malware,Patator,SSH-Patator
Wednesday-14-02-2018_448.pcap,tcp_201949,tcp,201949,SSH-Patator,Malware,Patator,SSH-Patator
Wednesday-14-02-2018_448.pcap,tcp_225486,tcp,225486,SSH-Patator,Malware,Patator,SSH-Patator
Wednesday-14-02-2018_448.pcap,tcp_208012,tcp,208012,SSH-Patator,Malware,Patator,SSH-Patator
Wednesday-14-02-2018_448.pcap,tcp_272997,tcp,272997,SSH-Patator,Malware,Patator,SSH-Patator
Wednesday-14-02-2018_448.pcap,tcp_278971,tcp,278971,SSH-Patator,Malware,Patator,SSH-Patator
Wednesday-14-02-2018_448.pcap,tcp_199464,tcp,199464,SSH-Patator,Malware,Patator,SSH-Patator
Wednesday-14-02-2018_448.pcap,tcp_232631,tcp,232631,SSH-Patator,Malware,Patator,SSH-Patator
Wednesday-14-02-2018_448.pcap,tcp_279128,tcp,279128,SSH-Patator,Malware,Patator,SSH-Patator
Wednesday-14-02-2018_448.pcap,tcp_230412,tcp,230412,SSH-Patator,Malware,Patator,SSH-Patator
Wednesday-14-02-2018_448.pcap,tcp_210905,tcp,210905,SSH-Patator,Malware,Patator,SSH-Patator
Wednesday-14-02-2018_448.pcap,tcp_237847,tcp,237847,SSH-Patator,Malware,Patator,SSH-Patator
Wednesday-14-02-2018_448.pcap,tcp_240237,tcp,240237,SSH-Patator,Malware,Patator,SSH-Patator
Wednesday-14-02-2018_448.pcap,tcp_261644,tcp,261644,SSH-Patator,Malware,Patator,SSH-Patator
Wednesday-14-02-2018_448.pcap,tcp_225645,tcp,225645,SSH-Patator,Malware,Patator,SSH-Patator
Wednesday-14-02-2018_448.pcap,tcp_214206,tcp,214206,SSH-Patator,Malware,Patator,SSH-Patator
Wednesday-14-02-2018_448.pcap,tcp_199311,tcp,199311,SSH-Patator,Malware,Patator,SSH-Patator
Wednesday-14-02-2018_448.pcap,tcp_232791,tcp,232791,SSH-Patator,Malware,Patator,SSH-Patator
Wednesday-14-02-2018_448.pcap,tcp_216127,tcp,216127,SSH-Patator,Malware,Patator,SSH-Patator
Wednesday-14-02-2018_448.pcap,tcp_243406,tcp,243406,SSH-Patator,Malware,Patator,SSH-Patator
Wednesday-14-02-2018_448.pcap,tcp_265595,tcp,265595,SSH-Patator,Malware,Patator,SSH-Patator
Wednesday-14-02-2018_448.pcap,tcp_263562,tcp,263562,SSH-Patator,Malware,Patator,SSH-Patator
Wednesday-14-02-2018_448.pcap,tcp_263540,tcp,263540,SSH-Patator,Malware,Patator,SSH-Patator
Wednesday-14-02-2018_448.pcap,tcp_200131,tcp,200131,SSH-Patator,Malware,Patator,SSH-Patator
Wednesday-14-02-2018_448.pcap,tcp_237916,tcp,237916,SSH-Patator,Malware,Patator,SSH-Patator
Wednesday-14-02-2018_448.pcap,tcp_264450,tcp,264450,SSH-Patator,Malware,Patator,SSH-Patator
Wednesday-14-02-2018_448.pcap,tcp_217864,tcp,217864,SSH-Patator,Malware,Patator,SSH-Patator
Wednesday-14-02-2018_448.pcap,tcp_195241,tcp,195241,SSH-Patator,Malware,Patator,SSH-Patator
Wednesday-14-02-2018_448.pcap,tcp_229068,tcp,229068,SSH-Patator,Malware,Patator,SSH-Patator
Wednesday-14-02-2018_448.pcap,tcp_226290,tcp,226290,SSH-Patator,Malware,Patator,SSH-Patator
Wednesday-14-02-2018_448.pcap,tcp_264858,tcp,264858,SSH-Patator,Malware,Patator,SSH-Patator
Wednesday-14-02-2018_448.pcap,tcp_206527,tcp,206527,SSH-Patator,Malware,Patator,SSH-Patator
Wednesday-14-02-2018_448.pcap,tcp_201149,tcp,201149,SSH-Patator,Malware,Patator,SSH-Patator
Wednesday-14-02-2018_448.pcap,tcp_250462,tcp,250462,SSH-Patator,Malware,Patator,SSH-Patator
Wednesday-14-02-2018_448.pcap,tcp_211534,tcp,211534,SSH-Patator,Malware,Patator,SSH-Patator
Wednesday-14-02-2018_448.pcap,tcp_280449,tcp,280449,SSH-Patator,Malware,Patator,SSH-Patator
Wednesday-14-02-2018_448.pcap,tcp_198426,tcp,198426,SSH-Patator,Malware,Patator,SSH-Patator
Wednesday-14-02-2018_448.pcap,tcp_232643,tcp,232643,SSH-Patator,Malware,Patator,SSH-Patator
Wednesday-14-02-2018_448.pcap,tcp_223519,tcp,223519,SSH-Patator,Malware,Patator,SSH-Patator
Wednesday-14-02-2018_448.pcap,tcp_283900,tcp,283900,SSH-Patator,Malware,Patator,SSH-Patator
Wednesday-14-02-2018_448.pcap,tcp_263757,tcp,263757,SSH-Patator,Malware,Patator,SSH-Patator
Wednesday-14-02-2018_448.pcap,tcp_223118,tcp,223118,SSH-Patator,Malware,Patator,SSH-Patator
Wednesday-14-02-2018_448.pcap,tcp_273023,tcp,273023,SSH-Patator,Malware,Patator,SSH-Patator
Wednesday-14-02-2018_448.pcap,tcp_254267,tcp,254267,SSH-Patator,Malware,Patator,SSH-Patator
Wednesday-14-02-2018_448.pcap,tcp_284651,tcp,284651,SSH-Patator,Malware,Patator,SSH-Patator
Wednesday-14-02-2018_448.pcap,tcp_254778,tcp,254778,SSH-Patator,Malware,Patator,SSH-Patator
Wednesday-14-02-2018_448.pcap,tcp_256501,tcp,256501,SSH-Patator,Malware,Patator,SSH-Patator
Wednesday-14-02-2018_448.pcap,tcp_206429,tcp,206429,SSH-Patator,Malware,Patator,SSH-Patator
Wednesday-14-02-2018_448.pcap,tcp_239109,tcp,239109,SSH-Patator,Malware,Patator,SSH-Patator
Wednesday-14-02-2018_448.pcap,tcp_232531,tcp,232531,SSH-Patator,Malware,Patator,SSH-Patator
Wednesday-14-02-2018_448.pcap,tcp_277781,tcp,277781,SSH-Patator,Malware,Patator,SSH-Patator
Wednesday-14-02-2018_448.pcap,tcp_215591,tcp,215591,SSH-Patator,Malware,Patator,SSH-Patator
Wednesday-14-02-2018_448.pcap,tcp_260603,tcp,260603,SSH-Patator,Malware,Patator,SSH-Patator
Wednesday-14-02-2018_448.pcap,tcp_264892,tcp,264892,SSH-Patator,Malware,Patator,SSH-Patator
Wednesday-14-02-2018_448.pcap,tcp_210340,tcp,210340,SSH-Patator,Malware,Patator,SSH-Patator
Wednesday-14-02-2018_448.pcap,tcp_255553,tcp,255553,SSH-Patator,Malware,Patator,SSH-Patator
Wednesday-14-02-2018_448.pcap,tcp_206327,tcp,206327,SSH-Patator,Malware,Patator,SSH-Patator
Wednesday-14-02-2018_448.pcap,tcp_202999,tcp,202999,SSH-Patator,Malware,Patator,SSH-Patator
Wednesday-14-02-2018_448.pcap,tcp_274674,tcp,274674,SSH-Patator,Malware,Patator,SSH-Patator
Wednesday-14-02-2018_448.pcap,tcp_205310,tcp,205310,SSH-Patator,Malware,Patator,SSH-Patator
Wednesday-14-02-2018_448.pcap,tcp_208948,tcp,208948,SSH-Patator,Malware,Patator,SSH-Patator
Wednesday-14-02-2018_448.pcap,tcp_267453,tcp,267453,SSH-Patator,Malware,Patator,SSH-Patator
Wednesday-14-02-2018_448.pcap,tcp_210085,tcp,210085,SSH-Patator,Malware,Patator,SSH-Patator
Wednesday-14-02-2018_448.pcap,tcp_284042,tcp,284042,SSH-Patator,Malware,Patator,SSH-Patator
Wednesday-14-02-2018_448.pcap,tcp_222248,tcp,222248,SSH-Patator,Malware,Patator,SSH-Patator
Wednesday-14-02-2018_448.pcap,tcp_231708,tcp,231708,SSH-Patator,Malware,Patator,SSH-Patator
Wednesday-14-02-2018_448.pcap,tcp_241524,tcp,241524,SSH-Patator,Malware,Patator,SSH-Patator
Wednesday-14-02-2018_448.pcap,tcp_229642,tcp,229642,SSH-Patator,Malware,Patator,SSH-Patator
Wednesday-14-02-2018_448.pcap,tcp_255950,tcp,255950,SSH-Patator,Malware,Patator,SSH-Patator
Wednesday-14-02-2018_448.pcap,tcp_217686,tcp,217686,SSH-Patator,Malware,Patator,SSH-Patator
Wednesday-14-02-2018_448.pcap,tcp_230129,tcp,230129,SSH-Patator,Malware,Patator,SSH-Patator
Wednesday-14-02-2018_448.pcap,tcp_223574,tcp,223574,SSH-Patator,Malware,Patator,SSH-Patator
Wednesday-14-02-2018_448.pcap,tcp_265761,tcp,265761,SSH-Patator,Malware,Patator,SSH-Patator
Wednesday-14-02-2018_448.pcap,tcp_285939,tcp,285939,SSH-Patator,Malware,Patator,SSH-Patator
Wednesday-14-02-2018_448.pcap,tcp_281459,tcp,281459,SSH-Patator,Malware,Patator,SSH-Patator
Wednesday-14-02-2018_448.pcap,tcp_227917,tcp,227917,SSH-Patator,Malware,Patator,SSH-Patator
Wednesday-14-02-2018_448.pcap,tcp_224329,tcp,224329,SSH-Patator,Malware,Patator,SSH-Patator
Wednesday-14-02-2018_448.pcap,tcp_277478,tcp,277478,SSH-Patator,Malware,Patator,SSH-Patator
Wednesday-14-02-2018_448.pcap,tcp_277428,tcp,277428,SSH-Patator,Malware,Patator,SSH-Patator
Wednesday-14-02-2018_448.pcap,tcp_241010,tcp,241010,SSH-Patator,Malware,Patator,SSH-Patator
Wednesday-14-02-2018_448.pcap,tcp_254237,tcp,254237,SSH-Patator,Malware,Patator,SSH-Patator
Wednesday-14-02-2018_448.pcap,tcp_207053,tcp,207053,SSH-Patator,Malware,Patator,SSH-Patator
Wednesday-14-02-2018_448.pcap,tcp_242925,tcp,242925,SSH-Patator,Malware,Patator,SSH-Patator
Wednesday-14-02-2018_448.pcap,tcp_202704,tcp,202704,SSH-Patator,Malware,Patator,SSH-Patator
Wednesday-14-02-2018_448.pcap,tcp_224467,tcp,224467,SSH-Patator,Malware,Patator,SSH-Patator
Wednesday-14-02-2018_448.pcap,tcp_263255,tcp,263255,SSH-Patator,Malware,Patator,SSH-Patator
Wednesday-14-02-2018_448.pcap,tcp_269298,tcp,269298,SSH-Patator,Malware,Patator,SSH-Patator
Wednesday-14-02-2018_448.pcap,tcp_258921,tcp,258921,SSH-Patator,Malware,Patator,SSH-Patator
Wednesday-14-02-2018_448.pcap,tcp_233374,tcp,233374,SSH-Patator,Malware,Patator,SSH-Patator
Wednesday-14-02-2018_448.pcap,tcp_195785,tcp,195785,SSH-Patator,Malware,Patator,SSH-Patator
Wednesday-14-02-2018_448.pcap,tcp_255212,tcp,255212,SSH-Patator,Malware,Patator,SSH-Patator
Wednesday-14-02-2018_448.pcap,tcp_222386,tcp,222386,SSH-Patator,Malware,Patator,SSH-Patator
Wednesday-14-02-2018_448.pcap,tcp_196164,tcp,196164,SSH-Patator,Malware,Patator,SSH-Patator
Wednesday-14-02-2018_448.pcap,tcp_205900,tcp,205900,SSH-Patator,Malware,Patator,SSH-Patator
Wednesday-14-02-2018_448.pcap,tcp_254341,tcp,254341,SSH-Patator,Malware,Patator,SSH-Patator
Wednesday-14-02-2018_448.pcap,tcp_224195,tcp,224195,SSH-Patator,Malware,Patator,SSH-Patator
Wednesday-14-02-2018_448.pcap,tcp_238291,tcp,238291,SSH-Patator,Malware,Patator,SSH-Patator
Wednesday-14-02-2018_448.pcap,tcp_210110,tcp,210110,SSH-Patator,Malware,Patator,SSH-Patator
Wednesday-14-02-2018_448.pcap,tcp_252451,tcp,252451,SSH-Patator,Malware,Patator,SSH-Patator
Wednesday-14-02-2018_448.pcap,tcp_227893,tcp,227893,SSH-Patator,Malware,Patator,SSH-Patator
Wednesday-14-02-2018_448.pcap,tcp_220434,tcp,220434,SSH-Patator,Malware,Patator,SSH-Patator
Wednesday-14-02-2018_448.pcap,tcp_254473,tcp,254473,SSH-Patator,Malware,Patator,SSH-Patator
Wednesday-14-02-2018_448.pcap,tcp_251557,tcp,251557,SSH-Patator,Malware,Patator,SSH-Patator
Wednesday-14-02-2018_448.pcap,tcp_273727,tcp,273727,SSH-Patator,Malware,Patator,SSH-Patator
Wednesday-14-02-2018_448.pcap,tcp_257415,tcp,257415,SSH-Patator,Malware,Patator,SSH-Patator
Wednesday-14-02-2018_448.pcap,tcp_261550,tcp,261550,SSH-Patator,Malware,Patator,SSH-Patator
Wednesday-14-02-2018_448.pcap,tcp_216835,tcp,216835,SSH-Patator,Malware,Patator,SSH-Patator
Wednesday-14-02-2018_448.pcap,tcp_259007,tcp,259007,SSH-Patator,Malware,Patator,SSH-Patator
Wednesday-14-02-2018_448.pcap,tcp_230834,tcp,230834,SSH-Patator,Malware,Patator,SSH-Patator
Wednesday-14-02-2018_448.pcap,tcp_230904,tcp,230904,SSH-Patator,Malware,Patator,SSH-Patator
Wednesday-14-02-2018_448.pcap,tcp_252035,tcp,252035,SSH-Patator,Malware,Patator,SSH-Patator
Wednesday-14-02-2018_448.pcap,tcp_213931,tcp,213931,SSH-Patator,Malware,Patator,SSH-Patator
Wednesday-14-02-2018_448.pcap,tcp_207172,tcp,207172,SSH-Patator,Malware,Patator,SSH-Patator
Wednesday-14-02-2018_448.pcap,tcp_275156,tcp,275156,SSH-Patator,Malware,Patator,SSH-Patator
Wednesday-14-02-2018_448.pcap,tcp_280863,tcp,280863,SSH-Patator,Malware,Patator,SSH-Patator
Wednesday-14-02-2018_448.pcap,tcp_262928,tcp,262928,SSH-Patator,Malware,Patator,SSH-Patator
Wednesday-14-02-2018_448.pcap,tcp_238802,tcp,238802,SSH-Patator,Malware,Patator,SSH-Patator
Wednesday-14-02-2018_448.pcap,tcp_267421,tcp,267421,SSH-Patator,Malware,Patator,SSH-Patator
Wednesday-14-02-2018_448.pcap,tcp_279007,tcp,279007,SSH-Patator,Malware,Patator,SSH-Patator
Wednesday-14-02-2018_448.pcap,tcp_276080,tcp,276080,SSH-Patator,Malware,Patator,SSH-Patator
Wednesday-14-02-2018_448.pcap,tcp_282872,tcp,282872,SSH-Patator,Malware,Patator,SSH-Patator
Wednesday-14-02-2018_448.pcap,tcp_238505,tcp,238505,SSH-Patator,Malware,Patator,SSH-Patator
Wednesday-14-02-2018_448.pcap,tcp_236096,tcp,236096,SSH-Patator,Malware,Patator,SSH-Patator
Wednesday-14-02-2018_448.pcap,tcp_222368,tcp,222368,SSH-Patator,Malware,Patator,SSH-Patator
Wednesday-14-02-2018_448.pcap,tcp_281891,tcp,281891,SSH-Patator,Malware,Patator,SSH-Patator
Wednesday-14-02-2018_448.pcap,tcp_199000,tcp,199000,SSH-Patator,Malware,Patator,SSH-Patator
Wednesday-14-02-2018_448.pcap,tcp_204502,tcp,204502,SSH-Patator,Malware,Patator,SSH-Patator
Wednesday-14-02-2018_448.pcap,tcp_196172,tcp,196172,SSH-Patator,Malware,Patator,SSH-Patator
Wednesday-14-02-2018_448.pcap,tcp_205185,tcp,205185,SSH-Patator,Malware,Patator,SSH-Patator
Wednesday-14-02-2018_448.pcap,tcp_263276,tcp,263276,SSH-Patator,Malware,Patator,SSH-Patator
Wednesday-14-02-2018_448.pcap,tcp_208254,tcp,208254,SSH-Patator,Malware,Patator,SSH-Patator
Wednesday-14-02-2018_448.pcap,tcp_211681,tcp,211681,SSH-Patator,Malware,Patator,SSH-Patator
Wednesday-14-02-2018_448.pcap,tcp_283129,tcp,283129,SSH-Patator,Malware,Patator,SSH-Patator
Wednesday-14-02-2018_448.pcap,tcp_217061,tcp,217061,SSH-Patator,Malware,Patator,SSH-Patator
Wednesday-14-02-2018_448.pcap,tcp_227412,tcp,227412,SSH-Patator,Malware,Patator,SSH-Patator
Wednesday-14-02-2018_448.pcap,tcp_220043,tcp,220043,SSH-Patator,Malware,Patator,SSH-Patator
Wednesday-14-02-2018_448.pcap,tcp_249343,tcp,249343,SSH-Patator,Malware,Patator,SSH-Patator
Wednesday-14-02-2018_448.pcap,tcp_261595,tcp,261595,SSH-Patator,Malware,Patator,SSH-Patator
Wednesday-14-02-2018_448.pcap,tcp_225337,tcp,225337,SSH-Patator,Malware,Patator,SSH-Patator
Wednesday-14-02-2018_448.pcap,tcp_275046,tcp,275046,SSH-Patator,Malware,Patator,SSH-Patator
Wednesday-14-02-2018_448.pcap,tcp_286157,tcp,286157,SSH-Patator,Malware,Patator,SSH-Patator
Wednesday-14-02-2018_448.pcap,tcp_266707,tcp,266707,SSH-Patator,Malware,Patator,SSH-Patator
Wednesday-14-02-2018_448.pcap,tcp_209249,tcp,209249,SSH-Patator,Malware,Patator,SSH-Patator
Wednesday-14-02-2018_448.pcap,tcp_208790,tcp,208790,SSH-Patator,Malware,Patator,SSH-Patator
Wednesday-14-02-2018_448.pcap,tcp_272175,tcp,272175,SSH-Patator,Malware,Patator,SSH-Patator
Wednesday-14-02-2018_448.pcap,tcp_237180,tcp,237180,SSH-Patator,Malware,Patator,SSH-Patator
Wednesday-14-02-2018_448.pcap,tcp_196155,tcp,196155,SSH-Patator,Malware,Patator,SSH-Patator
Wednesday-14-02-2018_448.pcap,tcp_242119,tcp,242119,SSH-Patator,Malware,Patator,SSH-Patator
Wednesday-14-02-2018_448.pcap,tcp_277570,tcp,277570,SSH-Patator,Malware,Patator,SSH-Patator
Wednesday-14-02-2018_448.pcap,tcp_243485,tcp,243485,SSH-Patator,Malware,Patator,SSH-Patator
Wednesday-14-02-2018_448.pcap,tcp_215325,tcp,215325,SSH-Patator,Malware,Patator,SSH-Patator
Wednesday-14-02-2018_448.pcap,tcp_261161,tcp,261161,SSH-Patator,Malware,Patator,SSH-Patator
Wednesday-14-02-2018_448.pcap,tcp_213617,tcp,213617,SSH-Patator,Malware,Patator,SSH-Patator
Wednesday-14-02-2018_448.pcap,tcp_217207,tcp,217207,SSH-Patator,Malware,Patator,SSH-Patator
Wednesday-14-02-2018_448.pcap,tcp_235467,tcp,235467,SSH-Patator,Malware,Patator,SSH-Patator
Wednesday-14-02-2018_448.pcap,tcp_257860,tcp,257860,SSH-Patator,Malware,Patator,SSH-Patator
Wednesday-14-02-2018_448.pcap,tcp_272714,tcp,272714,SSH-Patator,Malware,Patator,SSH-Patator
Wednesday-14-02-2018_448.pcap,tcp_269281,tcp,269281,SSH-Patator,Malware,Patator,SSH-Patator
Wednesday-14-02-2018_448.pcap,tcp_278398,tcp,278398,SSH-Patator,Malware,Patator,SSH-Patator
Wednesday-14-02-2018_448.pcap,tcp_225701,tcp,225701,SSH-Patator,Malware,Patator,SSH-Patator
Wednesday-14-02-2018_448.pcap,tcp_233806,tcp,233806,SSH-Patator,Malware,Patator,SSH-Patator
Wednesday-14-02-2018_448.pcap,tcp_284517,tcp,284517,SSH-Patator,Malware,Patator,SSH-Patator
Wednesday-14-02-2018_448.pcap,tcp_210017,tcp,210017,SSH-Patator,Malware,Patator,SSH-Patator
Wednesday-14-02-2018_448.pcap,tcp_248407,tcp,248407,SSH-Patator,Malware,Patator,SSH-Patator
Wednesday-14-02-2018_448.pcap,tcp_264978,tcp,264978,SSH-Patator,Malware,Patator,SSH-Patator
Wednesday-14-02-2018_448.pcap,tcp_203910,tcp,203910,SSH-Patator,Malware,Patator,SSH-Patator
Wednesday-14-02-2018_448.pcap,tcp_269064,tcp,269064,SSH-Patator,Malware,Patator,SSH-Patator
Wednesday-14-02-2018_448.pcap,tcp_257009,tcp,257009,SSH-Patator,Malware,Patator,SSH-Patator
Wednesday-14-02-2018_448.pcap,tcp_225153,tcp,225153,SSH-Patator,Malware,Patator,SSH-Patator
Wednesday-14-02-2018_448.pcap,tcp_280159,tcp,280159,SSH-Patator,Malware,Patator,SSH-Patator
Wednesday-14-02-2018_448.pcap,tcp_277261,tcp,277261,SSH-Patator,Malware,Patator,SSH-Patator
Wednesday-14-02-2018_448.pcap,tcp_241219,tcp,241219,SSH-Patator,Malware,Patator,SSH-Patator
Wednesday-14-02-2018_448.pcap,tcp_208074,tcp,208074,SSH-Patator,Malware,Patator,SSH-Patator
Wednesday-14-02-2018_448.pcap,tcp_197624,tcp,197624,SSH-Patator,Malware,Patator,SSH-Patator
Wednesday-14-02-2018_448.pcap,tcp_223920,tcp,223920,SSH-Patator,Malware,Patator,SSH-Patator
Wednesday-14-02-2018_448.pcap,tcp_255176,tcp,255176,SSH-Patator,Malware,Patator,SSH-Patator
Wednesday-14-02-2018_448.pcap,tcp_283111,tcp,283111,SSH-Patator,Malware,Patator,SSH-Patator
Wednesday-14-02-2018_448.pcap,tcp_208573,tcp,208573,SSH-Patator,Malware,Patator,SSH-Patator
Wednesday-14-02-2018_448.pcap,tcp_256831,tcp,256831,SSH-Patator,Malware,Patator,SSH-Patator
Wednesday-14-02-2018_448.pcap,tcp_196887,tcp,196887,SSH-Patator,Malware,Patator,SSH-Patator
Wednesday-14-02-2018_448.pcap,tcp_255527,tcp,255527,SSH-Patator,Malware,Patator,SSH-Patator
Wednesday-14-02-2018_448.pcap,tcp_273673,tcp,273673,SSH-Patator,Malware,Patator,SSH-Patator
Wednesday-14-02-2018_448.pcap,tcp_242105,tcp,242105,SSH-Patator,Malware,Patator,SSH-Patator
Wednesday-14-02-2018_448.pcap,tcp_227799,tcp,227799,SSH-Patator,Malware,Patator,SSH-Patator
Wednesday-14-02-2018_448.pcap,tcp_204367,tcp,204367,SSH-Patator,Malware,Patator,SSH-Patator
Wednesday-14-02-2018_448.pcap,tcp_253850,tcp,253850,SSH-Patator,Malware,Patator,SSH-Patator
Wednesday-14-02-2018_448.pcap,tcp_286449,tcp,286449,SSH-Patator,Malware,Patator,SSH-Patator
Wednesday-14-02-2018_448.pcap,tcp_207232,tcp,207232,SSH-Patator,Malware,Patator,SSH-Patator
Wednesday-14-02-2018_448.pcap,tcp_194313,tcp,194313,SSH-Patator,Malware,Patator,SSH-Patator
Wednesday-14-02-2018_448.pcap,tcp_250411,tcp,250411,SSH-Patator,Malware,Patator,SSH-Patator
Wednesday-14-02-2018_448.pcap,tcp_224129,tcp,224129,SSH-Patator,Malware,Patator,SSH-Patator
Wednesday-14-02-2018_448.pcap,tcp_207099,tcp,207099,SSH-Patator,Malware,Patator,SSH-Patator
Wednesday-14-02-2018_448.pcap,tcp_283968,tcp,283968,SSH-Patator,Malware,Patator,SSH-Patator
Wednesday-14-02-2018_448.pcap,tcp_242929,tcp,242929,SSH-Patator,Malware,Patator,SSH-Patator
Wednesday-14-02-2018_448.pcap,tcp_263028,tcp,263028,SSH-Patator,Malware,Patator,SSH-Patator
Wednesday-14-02-2018_448.pcap,tcp_278250,tcp,278250,SSH-Patator,Malware,Patator,SSH-Patator
Wednesday-14-02-2018_448.pcap,tcp_222433,tcp,222433,SSH-Patator,Malware,Patator,SSH-Patator
Wednesday-14-02-2018_448.pcap,tcp_257859,tcp,257859,SSH-Patator,Malware,Patator,SSH-Patator
Wednesday-14-02-2018_448.pcap,tcp_270606,tcp,270606,SSH-Patator,Malware,Patator,SSH-Patator
Wednesday-14-02-2018_448.pcap,tcp_228480,tcp,228480,SSH-Patator,Malware,Patator,SSH-Patator
Wednesday-14-02-2018_448.pcap,tcp_221481,tcp,221481,SSH-Patator,Malware,Patator,SSH-Patator
Wednesday-14-02-2018_448.pcap,tcp_201959,tcp,201959,SSH-Patator,Malware,Patator,SSH-Patator
Wednesday-14-02-2018_448.pcap,tcp_258147,tcp,258147,SSH-Patator,Malware,Patator,SSH-Patator
Wednesday-14-02-2018_448.pcap,tcp_198880,tcp,198880,SSH-Patator,Malware,Patator,SSH-Patator
Wednesday-14-02-2018_448.pcap,tcp_270298,tcp,270298,SSH-Patator,Malware,Patator,SSH-Patator
Wednesday-14-02-2018_448.pcap,tcp_238147,tcp,238147,SSH-Patator,Malware,Patator,SSH-Patator
Wednesday-14-02-2018_448.pcap,tcp_195185,tcp,195185,SSH-Patator,Malware,Patator,SSH-Patator
Wednesday-14-02-2018_448.pcap,tcp_206452,tcp,206452,SSH-Patator,Malware,Patator,SSH-Patator
Wednesday-14-02-2018_448.pcap,tcp_239963,tcp,239963,SSH-Patator,Malware,Patator,SSH-Patator
Wednesday-14-02-2018_448.pcap,tcp_195243,tcp,195243,SSH-Patator,Malware,Patator,SSH-Patator
Wednesday-14-02-2018_448.pcap,tcp_195116,tcp,195116,SSH-Patator,Malware,Patator,SSH-Patator
Wednesday-14-02-2018_448.pcap,tcp_216964,tcp,216964,SSH-Patator,Malware,Patator,SSH-Patator
Wednesday-14-02-2018_448.pcap,tcp_277497,tcp,277497,SSH-Patator,Malware,Patator,SSH-Patator
Wednesday-14-02-2018_448.pcap,tcp_225398,tcp,225398,SSH-Patator,Malware,Patator,SSH-Patator
Wednesday-14-02-2018_448.pcap,tcp_247161,tcp,247161,SSH-Patator,Malware,Patator,SSH-Patator
Wednesday-14-02-2018_448.pcap,tcp_275312,tcp,275312,SSH-Patator,Malware,Patator,SSH-Patator
Wednesday-14-02-2018_448.pcap,tcp_278841,tcp,278841,SSH-Patator,Malware,Patator,SSH-Patator
Wednesday-14-02-2018_448.pcap,tcp_286806,tcp,286806,SSH-Patator,Malware,Patator,SSH-Patator
Wednesday-14-02-2018_448.pcap,tcp_200935,tcp,200935,SSH-Patator,Malware,Patator,SSH-Patator
Wednesday-14-02-2018_448.pcap,tcp_214271,tcp,214271,SSH-Patator,Malware,Patator,SSH-Patator
Wednesday-14-02-2018_448.pcap,tcp_286469,tcp,286469,SSH-Patator,Malware,Patator,SSH-Patator
Wednesday-14-02-2018_448.pcap,tcp_281549,tcp,281549,SSH-Patator,Malware,Patator,SSH-Patator
Wednesday-14-02-2018_448.pcap,tcp_274696,tcp,274696,SSH-Patator,Malware,Patator,SSH-Patator
Wednesday-14-02-2018_448.pcap,tcp_227968,tcp,227968,SSH-Patator,Malware,Patator,SSH-Patator
Wednesday-14-02-2018_448.pcap,tcp_269060,tcp,269060,SSH-Patator,Malware,Patator,SSH-Patator
Wednesday-14-02-2018_448.pcap,tcp_242504,tcp,242504,SSH-Patator,Malware,Patator,SSH-Patator
Wednesday-14-02-2018_448.pcap,tcp_203461,tcp,203461,SSH-Patator,Malware,Patator,SSH-Patator
Wednesday-14-02-2018_448.pcap,tcp_206358,tcp,206358,SSH-Patator,Malware,Patator,SSH-Patator
Wednesday-14-02-2018_448.pcap,tcp_257908,tcp,257908,SSH-Patator,Malware,Patator,SSH-Patator
Wednesday-14-02-2018_448.pcap,tcp_216838,tcp,216838,SSH-Patator,Malware,Patator,SSH-Patator
Wednesday-14-02-2018_448.pcap,tcp_274483,tcp,274483,SSH-Patator,Malware,Patator,SSH-Patator
Wednesday-14-02-2018_448.pcap,tcp_261621,tcp,261621,SSH-Patator,Malware,Patator,SSH-Patator
Wednesday-14-02-2018_448.pcap,tcp_200246,tcp,200246,SSH-Patator,Malware,Patator,SSH-Patator
Wednesday-14-02-2018_448.pcap,tcp_235854,tcp,235854,SSH-Patator,Malware,Patator,SSH-Patator
Wednesday-14-02-2018_448.pcap,tcp_255927,tcp,255927,SSH-Patator,Malware,Patator,SSH-Patator
Wednesday-14-02-2018_448.pcap,tcp_268265,tcp,268265,SSH-Patator,Malware,Patator,SSH-Patator
Wednesday-14-02-2018_448.pcap,tcp_244001,tcp,244001,SSH-Patator,Malware,Patator,SSH-Patator
Wednesday-14-02-2018_448.pcap,tcp_241243,tcp,241243,SSH-Patator,Malware,Patator,SSH-Patator
Wednesday-14-02-2018_448.pcap,tcp_258914,tcp,258914,SSH-Patator,Malware,Patator,SSH-Patator
Wednesday-14-02-2018_448.pcap,tcp_247743,tcp,247743,SSH-Patator,Malware,Patator,SSH-Patator
Wednesday-14-02-2018_448.pcap,tcp_265345,tcp,265345,SSH-Patator,Malware,Patator,SSH-Patator
Wednesday-14-02-2018_448.pcap,tcp_212212,tcp,212212,SSH-Patator,Malware,Patator,SSH-Patator
Wednesday-14-02-2018_448.pcap,tcp_257269,tcp,257269,SSH-Patator,Malware,Patator,SSH-Patator
Wednesday-14-02-2018_448.pcap,tcp_273742,tcp,273742,SSH-Patator,Malware,Patator,SSH-Patator
Wednesday-14-02-2018_448.pcap,tcp_262324,tcp,262324,SSH-Patator,Malware,Patator,SSH-Patator
Wednesday-14-02-2018_448.pcap,tcp_265762,tcp,265762,SSH-Patator,Malware,Patator,SSH-Patator
Wednesday-14-02-2018_448.pcap,tcp_267704,tcp,267704,SSH-Patator,Malware,Patator,SSH-Patator
Wednesday-14-02-2018_448.pcap,tcp_214817,tcp,214817,SSH-Patator,Malware,Patator,SSH-Patator
Wednesday-14-02-2018_448.pcap,tcp_265278,tcp,265278,SSH-Patator,Malware,Patator,SSH-Patator
Wednesday-14-02-2018_448.pcap,tcp_239151,tcp,239151,SSH-Patator,Malware,Patator,SSH-Patator
Wednesday-14-02-2018_448.pcap,tcp_238392,tcp,238392,SSH-Patator,Malware,Patator,SSH-Patator
Wednesday-14-02-2018_448.pcap,tcp_196760,tcp,196760,SSH-Patator,Malware,Patator,SSH-Patator
Wednesday-14-02-2018_448.pcap,tcp_275952,tcp,275952,SSH-Patator,Malware,Patator,SSH-Patator
Wednesday-14-02-2018_448.pcap,tcp_241306,tcp,241306,SSH-Patator,Malware,Patator,SSH-Patator
Wednesday-14-02-2018_448.pcap,tcp_270130,tcp,270130,SSH-Patator,Malware,Patator,SSH-Patator
Wednesday-14-02-2018_448.pcap,tcp_220580,tcp,220580,SSH-Patator,Malware,Patator,SSH-Patator
Wednesday-14-02-2018_448.pcap,tcp_247847,tcp,247847,SSH-Patator,Malware,Patator,SSH-Patator
Wednesday-14-02-2018_448.pcap,tcp_251253,tcp,251253,SSH-Patator,Malware,Patator,SSH-Patator
Wednesday-14-02-2018_448.pcap,tcp_262582,tcp,262582,SSH-Patator,Malware,Patator,SSH-Patator
Wednesday-14-02-2018_448.pcap,tcp_202065,tcp,202065,SSH-Patator,Malware,Patator,SSH-Patator
Wednesday-14-02-2018_448.pcap,tcp_225421,tcp,225421,SSH-Patator,Malware,Patator,SSH-Patator
Wednesday-14-02-2018_448.pcap,tcp_254250,tcp,254250,SSH-Patator,Malware,Patator,SSH-Patator
Wednesday-14-02-2018_448.pcap,tcp_260986,tcp,260986,SSH-Patator,Malware,Patator,SSH-Patator
Wednesday-14-02-2018_448.pcap,tcp_213717,tcp,213717,SSH-Patator,Malware,Patator,SSH-Patator
Wednesday-14-02-2018_448.pcap,tcp_226147,tcp,226147,SSH-Patator,Malware,Patator,SSH-Patator
Wednesday-14-02-2018_448.pcap,tcp_257870,tcp,257870,SSH-Patator,Malware,Patator,SSH-Patator
Wednesday-14-02-2018_448.pcap,tcp_262078,tcp,262078,SSH-Patator,Malware,Patator,SSH-Patator
Wednesday-14-02-2018_448.pcap,tcp_227062,tcp,227062,SSH-Patator,Malware,Patator,SSH-Patator
Wednesday-14-02-2018_448.pcap,tcp_250809,tcp,250809,SSH-Patator,Malware,Patator,SSH-Patator
Wednesday-14-02-2018_448.pcap,tcp_215991,tcp,215991,SSH-Patator,Malware,Patator,SSH-Patator
Wednesday-14-02-2018_448.pcap,tcp_205995,tcp,205995,SSH-Patator,Malware,Patator,SSH-Patator
Wednesday-14-02-2018_448.pcap,tcp_197981,tcp,197981,SSH-Patator,Malware,Patator,SSH-Patator
Wednesday-14-02-2018_448.pcap,tcp_205509,tcp,205509,SSH-Patator,Malware,Patator,SSH-Patator
Wednesday-14-02-2018_448.pcap,tcp_257384,tcp,257384,SSH-Patator,Malware,Patator,SSH-Patator
Wednesday-14-02-2018_448.pcap,tcp_242239,tcp,242239,SSH-Patator,Malware,Patator,SSH-Patator
Wednesday-14-02-2018_448.pcap,tcp_283291,tcp,283291,SSH-Patator,Malware,Patator,SSH-Patator
Wednesday-14-02-2018_448.pcap,tcp_285059,tcp,285059,SSH-Patator,Malware,Patator,SSH-Patator
Wednesday-14-02-2018_448.pcap,tcp_229681,tcp,229681,SSH-Patator,Malware,Patator,SSH-Patator
Wednesday-14-02-2018_448.pcap,tcp_280676,tcp,280676,SSH-Patator,Malware,Patator,SSH-Patator
Wednesday-14-02-2018_448.pcap,tcp_256116,tcp,256116,SSH-Patator,Malware,Patator,SSH-Patator
Wednesday-14-02-2018_448.pcap,tcp_273545,tcp,273545,SSH-Patator,Malware,Patator,SSH-Patator
Wednesday-14-02-2018_448.pcap,tcp_212381,tcp,212381,SSH-Patator,Malware,Patator,SSH-Patator
Wednesday-14-02-2018_448.pcap,tcp_245446,tcp,245446,SSH-Patator,Malware,Patator,SSH-Patator
Wednesday-14-02-2018_448.pcap,tcp_225311,tcp,225311,SSH-Patator,Malware,Patator,SSH-Patator
Wednesday-14-02-2018_448.pcap,tcp_276088,tcp,276088,SSH-Patator,Malware,Patator,SSH-Patator
Wednesday-14-02-2018_448.pcap,tcp_254996,tcp,254996,SSH-Patator,Malware,Patator,SSH-Patator
Wednesday-14-02-2018_448.pcap,tcp_211008,tcp,211008,SSH-Patator,Malware,Patator,SSH-Patator
Wednesday-14-02-2018_448.pcap,tcp_282666,tcp,282666,SSH-Patator,Malware,Patator,SSH-Patator
Wednesday-14-02-2018_448.pcap,tcp_245870,tcp,245870,SSH-Patator,Malware,Patator,SSH-Patator
Wednesday-14-02-2018_448.pcap,tcp_232098,tcp,232098,SSH-Patator,Malware,Patator,SSH-Patator
Wednesday-14-02-2018_448.pcap,tcp_245456,tcp,245456,SSH-Patator,Malware,Patator,SSH-Patator
Wednesday-14-02-2018_448.pcap,tcp_235183,tcp,235183,SSH-Patator,Malware,Patator,SSH-Patator
Wednesday-14-02-2018_448.pcap,tcp_220767,tcp,220767,SSH-Patator,Malware,Patator,SSH-Patator
Wednesday-14-02-2018_448.pcap,tcp_257357,tcp,257357,SSH-Patator,Malware,Patator,SSH-Patator
Wednesday-14-02-2018_448.pcap,tcp_234848,tcp,234848,SSH-Patator,Malware,Patator,SSH-Patator
Wednesday-14-02-2018_448.pcap,tcp_271515,tcp,271515,SSH-Patator,Malware,Patator,SSH-Patator
Wednesday-14-02-2018_448.pcap,tcp_240562,tcp,240562,SSH-Patator,Malware,Patator,SSH-Patator
Wednesday-14-02-2018_448.pcap,tcp_210271,tcp,210271,SSH-Patator,Malware,Patator,SSH-Patator
Wednesday-14-02-2018_448.pcap,tcp_236165,tcp,236165,SSH-Patator,Malware,Patator,SSH-Patator
Wednesday-14-02-2018_448.pcap,tcp_251690,tcp,251690,SSH-Patator,Malware,Patator,SSH-Patator
Wednesday-14-02-2018_448.pcap,tcp_255912,tcp,255912,SSH-Patator,Malware,Patator,SSH-Patator
Wednesday-14-02-2018_448.pcap,tcp_258846,tcp,258846,SSH-Patator,Malware,Patator,SSH-Patator
Wednesday-14-02-2018_448.pcap,tcp_266782,tcp,266782,SSH-Patator,Malware,Patator,SSH-Patator
Wednesday-14-02-2018_448.pcap,tcp_230831,tcp,230831,SSH-Patator,Malware,Patator,SSH-Patator
Wednesday-14-02-2018_448.pcap,tcp_263016,tcp,263016,SSH-Patator,Malware,Patator,SSH-Patator
Wednesday-14-02-2018_448.pcap,tcp_196920,tcp,196920,SSH-Patator,Malware,Patator,SSH-Patator
Wednesday-14-02-2018_448.pcap,tcp_264740,tcp,264740,SSH-Patator,Malware,Patator,SSH-Patator
Wednesday-14-02-2018_448.pcap,tcp_207379,tcp,207379,SSH-Patator,Malware,Patator,SSH-Patator
Wednesday-14-02-2018_448.pcap,tcp_216851,tcp,216851,SSH-Patator,Malware,Patator,SSH-Patator
Wednesday-14-02-2018_448.pcap,tcp_285803,tcp,285803,SSH-Patator,Malware,Patator,SSH-Patator
Wednesday-14-02-2018_448.pcap,tcp_224478,tcp,224478,SSH-Patator,Malware,Patator,SSH-Patator
Wednesday-14-02-2018_448.pcap,tcp_244892,tcp,244892,SSH-Patator,Malware,Patator,SSH-Patator
Wednesday-14-02-2018_448.pcap,tcp_240226,tcp,240226,SSH-Patator,Malware,Patator,SSH-Patator
Wednesday-14-02-2018_448.pcap,tcp_257629,tcp,257629,SSH-Patator,Malware,Patator,SSH-Patator
Wednesday-14-02-2018_448.pcap,tcp_239463,tcp,239463,SSH-Patator,Malware,Patator,SSH-Patator
Wednesday-14-02-2018_448.pcap,tcp_284620,tcp,284620,SSH-Patator,Malware,Patator,SSH-Patator
Wednesday-14-02-2018_448.pcap,tcp_277487,tcp,277487,SSH-Patator,Malware,Patator,SSH-Patator
Wednesday-14-02-2018_448.pcap,tcp_200617,tcp,200617,SSH-Patator,Malware,Patator,SSH-Patator
Wednesday-14-02-2018_448.pcap,tcp_196773,tcp,196773,SSH-Patator,Malware,Patator,SSH-Patator
Wednesday-14-02-2018_448.pcap,tcp_274433,tcp,274433,SSH-Patator,Malware,Patator,SSH-Patator
Wednesday-14-02-2018_448.pcap,tcp_243518,tcp,243518,SSH-Patator,Malware,Patator,SSH-Patator
Wednesday-14-02-2018_448.pcap,tcp_234397,tcp,234397,SSH-Patator,Malware,Patator,SSH-Patator
Wednesday-14-02-2018_448.pcap,tcp_233260,tcp,233260,SSH-Patator,Malware,Patator,SSH-Patator
Wednesday-14-02-2018_448.pcap,tcp_234516,tcp,234516,SSH-Patator,Malware,Patator,SSH-Patator
Wednesday-14-02-2018_448.pcap,tcp_247809,tcp,247809,SSH-Patator,Malware,Patator,SSH-Patator
Wednesday-14-02-2018_448.pcap,tcp_223555,tcp,223555,SSH-Patator,Malware,Patator,SSH-Patator
Wednesday-14-02-2018_448.pcap,tcp_247492,tcp,247492,SSH-Patator,Malware,Patator,SSH-Patator
Wednesday-14-02-2018_448.pcap,tcp_203753,tcp,203753,SSH-Patator,Malware,Patator,SSH-Patator
Wednesday-14-02-2018_448.pcap,tcp_202810,tcp,202810,SSH-Patator,Malware,Patator,SSH-Patator
Wednesday-14-02-2018_448.pcap,tcp_281863,tcp,281863,SSH-Patator,Malware,Patator,SSH-Patator
Wednesday-14-02-2018_448.pcap,tcp_244806,tcp,244806,SSH-Patator,Malware,Patator,SSH-Patator
Wednesday-14-02-2018_448.pcap,tcp_267558,tcp,267558,SSH-Patator,Malware,Patator,SSH-Patator
Wednesday-14-02-2018_448.pcap,tcp_202617,tcp,202617,SSH-Patator,Malware,Patator,SSH-Patator
Wednesday-14-02-2018_448.pcap,tcp_254861,tcp,254861,SSH-Patator,Malware,Patator,SSH-Patator
Wednesday-14-02-2018_448.pcap,tcp_197370,tcp,197370,SSH-Patator,Malware,Patator,SSH-Patator
Wednesday-14-02-2018_448.pcap,tcp_251770,tcp,251770,SSH-Patator,Malware,Patator,SSH-Patator
Wednesday-14-02-2018_448.pcap,tcp_269203,tcp,269203,SSH-Patator,Malware,Patator,SSH-Patator
Wednesday-14-02-2018_448.pcap,tcp_202104,tcp,202104,SSH-Patator,Malware,Patator,SSH-Patator
Wednesday-14-02-2018_448.pcap,tcp_262918,tcp,262918,SSH-Patator,Malware,Patator,SSH-Patator
Wednesday-14-02-2018_448.pcap,tcp_277371,tcp,277371,SSH-Patator,Malware,Patator,SSH-Patator
Wednesday-14-02-2018_448.pcap,tcp_283899,tcp,283899,SSH-Patator,Malware,Patator,SSH-Patator
Wednesday-14-02-2018_448.pcap,tcp_277901,tcp,277901,SSH-Patator,Malware,Patator,SSH-Patator
Wednesday-14-02-2018_448.pcap,tcp_213075,tcp,213075,SSH-Patator,Malware,Patator,SSH-Patator
Wednesday-14-02-2018_448.pcap,tcp_282698,tcp,282698,SSH-Patator,Malware,Patator,SSH-Patator
Wednesday-14-02-2018_448.pcap,tcp_281537,tcp,281537,SSH-Patator,Malware,Patator,SSH-Patator
Wednesday-14-02-2018_448.pcap,tcp_249072,tcp,249072,SSH-Patator,Malware,Patator,SSH-Patator
Wednesday-14-02-2018_448.pcap,tcp_208147,tcp,208147,SSH-Patator,Malware,Patator,SSH-Patator
Wednesday-14-02-2018_448.pcap,tcp_234133,tcp,234133,SSH-Patator,Malware,Patator,SSH-Patator
Wednesday-14-02-2018_448.pcap,tcp_229752,tcp,229752,SSH-Patator,Malware,Patator,SSH-Patator
Wednesday-14-02-2018_448.pcap,tcp_249153,tcp,249153,SSH-Patator,Malware,Patator,SSH-Patator
Wednesday-14-02-2018_448.pcap,tcp_235292,tcp,235292,SSH-Patator,Malware,Patator,SSH-Patator
Wednesday-14-02-2018_448.pcap,tcp_231774,tcp,231774,SSH-Patator,Malware,Patator,SSH-Patator
Wednesday-14-02-2018_448.pcap,tcp_286170,tcp,286170,SSH-Patator,Malware,Patator,SSH-Patator
Wednesday-14-02-2018_448.pcap,tcp_216791,tcp,216791,SSH-Patator,Malware,Patator,SSH-Patator
Wednesday-14-02-2018_448.pcap,tcp_234258,tcp,234258,SSH-Patator,Malware,Patator,SSH-Patator
Wednesday-14-02-2018_448.pcap,tcp_254000,tcp,254000,SSH-Patator,Malware,Patator,SSH-Patator
Wednesday-14-02-2018_448.pcap,tcp_203607,tcp,203607,SSH-Patator,Malware,Patator,SSH-Patator
Wednesday-14-02-2018_448.pcap,tcp_254264,tcp,254264,SSH-Patator,Malware,Patator,SSH-Patator
Wednesday-14-02-2018_448.pcap,tcp_244668,tcp,244668,SSH-Patator,Malware,Patator,SSH-Patator
Wednesday-14-02-2018_448.pcap,tcp_282892,tcp,282892,SSH-Patator,Malware,Patator,SSH-Patator
Wednesday-14-02-2018_448.pcap,tcp_215771,tcp,215771,SSH-Patator,Malware,Patator,SSH-Patator
Wednesday-14-02-2018_448.pcap,tcp_274229,tcp,274229,SSH-Patator,Malware,Patator,SSH-Patator
Wednesday-14-02-2018_448.pcap,tcp_270008,tcp,270008,SSH-Patator,Malware,Patator,SSH-Patator
Wednesday-14-02-2018_448.pcap,tcp_216564,tcp,216564,SSH-Patator,Malware,Patator,SSH-Patator
Wednesday-14-02-2018_448.pcap,tcp_236643,tcp,236643,SSH-Patator,Malware,Patator,SSH-Patator
Wednesday-14-02-2018_448.pcap,tcp_259373,tcp,259373,SSH-Patator,Malware,Patator,SSH-Patator
Wednesday-14-02-2018_448.pcap,tcp_201700,tcp,201700,SSH-Patator,Malware,Patator,SSH-Patator
Wednesday-14-02-2018_448.pcap,tcp_279413,tcp,279413,SSH-Patator,Malware,Patator,SSH-Patator
Wednesday-14-02-2018_448.pcap,tcp_202385,tcp,202385,SSH-Patator,Malware,Patator,SSH-Patator
Wednesday-14-02-2018_448.pcap,tcp_241239,tcp,241239,SSH-Patator,Malware,Patator,SSH-Patator
Wednesday-14-02-2018_448.pcap,tcp_232033,tcp,232033,SSH-Patator,Malware,Patator,SSH-Patator
Wednesday-14-02-2018_448.pcap,tcp_206914,tcp,206914,SSH-Patator,Malware,Patator,SSH-Patator
Wednesday-14-02-2018_448.pcap,tcp_285733,tcp,285733,SSH-Patator,Malware,Patator,SSH-Patator
Wednesday-14-02-2018_448.pcap,tcp_270296,tcp,270296,SSH-Patator,Malware,Patator,SSH-Patator
Wednesday-14-02-2018_448.pcap,tcp_247498,tcp,247498,SSH-Patator,Malware,Patator,SSH-Patator
Wednesday-14-02-2018_448.pcap,tcp_254308,tcp,254308,SSH-Patator,Malware,Patator,SSH-Patator
Wednesday-14-02-2018_448.pcap,tcp_219105,tcp,219105,SSH-Patator,Malware,Patator,SSH-Patator
Wednesday-14-02-2018_448.pcap,tcp_226386,tcp,226386,SSH-Patator,Malware,Patator,SSH-Patator
Wednesday-14-02-2018_448.pcap,tcp_197568,tcp,197568,SSH-Patator,Malware,Patator,SSH-Patator
Wednesday-14-02-2018_448.pcap,tcp_249872,tcp,249872,SSH-Patator,Malware,Patator,SSH-Patator
Wednesday-14-02-2018_448.pcap,tcp_233984,tcp,233984,SSH-Patator,Malware,Patator,SSH-Patator
Wednesday-14-02-2018_448.pcap,tcp_263851,tcp,263851,SSH-Patator,Malware,Patator,SSH-Patator
Wednesday-14-02-2018_448.pcap,tcp_268982,tcp,268982,SSH-Patator,Malware,Patator,SSH-Patator
Wednesday-14-02-2018_448.pcap,tcp_272870,tcp,272870,SSH-Patator,Malware,Patator,SSH-Patator
Wednesday-14-02-2018_448.pcap,tcp_239023,tcp,239023,SSH-Patator,Malware,Patator,SSH-Patator
Wednesday-14-02-2018_448.pcap,tcp_266726,tcp,266726,SSH-Patator,Malware,Patator,SSH-Patator
Wednesday-14-02-2018_448.pcap,tcp_226439,tcp,226439,SSH-Patator,Malware,Patator,SSH-Patator
Wednesday-14-02-2018_448.pcap,tcp_251982,tcp,251982,SSH-Patator,Malware,Patator,SSH-Patator
Wednesday-14-02-2018_448.pcap,tcp_228410,tcp,228410,SSH-Patator,Malware,Patator,SSH-Patator
Wednesday-14-02-2018_448.pcap,tcp_246365,tcp,246365,SSH-Patator,Malware,Patator,SSH-Patator
Wednesday-14-02-2018_448.pcap,tcp_252252,tcp,252252,SSH-Patator,Malware,Patator,SSH-Patator
Wednesday-14-02-2018_448.pcap,tcp_208922,tcp,208922,SSH-Patator,Malware,Patator,SSH-Patator
Wednesday-14-02-2018_448.pcap,tcp_198238,tcp,198238,SSH-Patator,Malware,Patator,SSH-Patator
Wednesday-14-02-2018_448.pcap,tcp_281210,tcp,281210,SSH-Patator,Malware,Patator,SSH-Patator
Wednesday-14-02-2018_448.pcap,tcp_261468,tcp,261468,SSH-Patator,Malware,Patator,SSH-Patator
Wednesday-14-02-2018_448.pcap,tcp_265602,tcp,265602,SSH-Patator,Malware,Patator,SSH-Patator
Wednesday-14-02-2018_448.pcap,tcp_275194,tcp,275194,SSH-Patator,Malware,Patator,SSH-Patator
Wednesday-14-02-2018_448.pcap,tcp_271571,tcp,271571,SSH-Patator,Malware,Patator,SSH-Patator
Wednesday-14-02-2018_448.pcap,tcp_202956,tcp,202956,SSH-Patator,Malware,Patator,SSH-Patator
Wednesday-14-02-2018_448.pcap,tcp_277362,tcp,277362,SSH-Patator,Malware,Patator,SSH-Patator
Wednesday-14-02-2018_448.pcap,tcp_198840,tcp,198840,SSH-Patator,Malware,Patator,SSH-Patator
Wednesday-14-02-2018_448.pcap,tcp_251248,tcp,251248,SSH-Patator,Malware,Patator,SSH-Patator
Wednesday-14-02-2018_448.pcap,tcp_251375,tcp,251375,SSH-Patator,Malware,Patator,SSH-Patator
Wednesday-14-02-2018_448.pcap,tcp_285044,tcp,285044,SSH-Patator,Malware,Patator,SSH-Patator
Wednesday-14-02-2018_448.pcap,tcp_222231,tcp,222231,SSH-Patator,Malware,Patator,SSH-Patator
Wednesday-14-02-2018_448.pcap,tcp_207973,tcp,207973,SSH-Patator,Malware,Patator,SSH-Patator
Wednesday-14-02-2018_448.pcap,tcp_254463,tcp,254463,SSH-Patator,Malware,Patator,SSH-Patator
Wednesday-14-02-2018_448.pcap,tcp_278122,tcp,278122,SSH-Patator,Malware,Patator,SSH-Patator
Wednesday-14-02-2018_448.pcap,tcp_261664,tcp,261664,SSH-Patator,Malware,Patator,SSH-Patator
Wednesday-14-02-2018_448.pcap,tcp_255427,tcp,255427,SSH-Patator,Malware,Patator,SSH-Patator
Wednesday-14-02-2018_448.pcap,tcp_279572,tcp,279572,SSH-Patator,Malware,Patator,SSH-Patator
Wednesday-14-02-2018_448.pcap,tcp_274205,tcp,274205,SSH-Patator,Malware,Patator,SSH-Patator
Wednesday-14-02-2018_448.pcap,tcp_266131,tcp,266131,SSH-Patator,Malware,Patator,SSH-Patator
Wednesday-14-02-2018_448.pcap,tcp_245770,tcp,245770,SSH-Patator,Malware,Patator,SSH-Patator
Wednesday-14-02-2018_448.pcap,tcp_218099,tcp,218099,SSH-Patator,Malware,Patator,SSH-Patator
Wednesday-14-02-2018_448.pcap,tcp_236170,tcp,236170,SSH-Patator,Malware,Patator,SSH-Patator
Wednesday-14-02-2018_448.pcap,tcp_204259,tcp,204259,SSH-Patator,Malware,Patator,SSH-Patator
Wednesday-14-02-2018_448.pcap,tcp_208223,tcp,208223,SSH-Patator,Malware,Patator,SSH-Patator
Wednesday-14-02-2018_448.pcap,tcp_212222,tcp,212222,SSH-Patator,Malware,Patator,SSH-Patator
Wednesday-14-02-2018_448.pcap,tcp_239925,tcp,239925,SSH-Patator,Malware,Patator,SSH-Patator
Wednesday-14-02-2018_448.pcap,tcp_242525,tcp,242525,SSH-Patator,Malware,Patator,SSH-Patator
Wednesday-14-02-2018_448.pcap,tcp_271766,tcp,271766,SSH-Patator,Malware,Patator,SSH-Patator
Wednesday-14-02-2018_448.pcap,tcp_204691,tcp,204691,SSH-Patator,Malware,Patator,SSH-Patator
Wednesday-14-02-2018_448.pcap,tcp_227762,tcp,227762,SSH-Patator,Malware,Patator,SSH-Patator
Wednesday-14-02-2018_448.pcap,tcp_196410,tcp,196410,SSH-Patator,Malware,Patator,SSH-Patator
Wednesday-14-02-2018_448.pcap,tcp_268674,tcp,268674,SSH-Patator,Malware,Patator,SSH-Patator
Wednesday-14-02-2018_448.pcap,tcp_245478,tcp,245478,SSH-Patator,Malware,Patator,SSH-Patator
Wednesday-14-02-2018_448.pcap,tcp_226808,tcp,226808,SSH-Patator,Malware,Patator,SSH-Patator
Wednesday-14-02-2018_448.pcap,tcp_242825,tcp,242825,SSH-Patator,Malware,Patator,SSH-Patator
Wednesday-14-02-2018_448.pcap,tcp_198139,tcp,198139,SSH-Patator,Malware,Patator,SSH-Patator
Wednesday-14-02-2018_448.pcap,tcp_195541,tcp,195541,SSH-Patator,Malware,Patator,SSH-Patator
Wednesday-14-02-2018_448.pcap,tcp_221092,tcp,221092,SSH-Patator,Malware,Patator,SSH-Patator
Wednesday-14-02-2018_448.pcap,tcp_229678,tcp,229678,SSH-Patator,Malware,Patator,SSH-Patator
Wednesday-14-02-2018_448.pcap,tcp_275038,tcp,275038,SSH-Patator,Malware,Patator,SSH-Patator
Wednesday-14-02-2018_448.pcap,tcp_280542,tcp,280542,SSH-Patator,Malware,Patator,SSH-Patator
Wednesday-14-02-2018_448.pcap,tcp_203596,tcp,203596,SSH-Patator,Malware,Patator,SSH-Patator
Wednesday-14-02-2018_448.pcap,tcp_220016,tcp,220016,SSH-Patator,Malware,Patator,SSH-Patator
Wednesday-14-02-2018_448.pcap,tcp_230544,tcp,230544,SSH-Patator,Malware,Patator,SSH-Patator
Wednesday-14-02-2018_448.pcap,tcp_220744,tcp,220744,SSH-Patator,Malware,Patator,SSH-Patator
Wednesday-14-02-2018_448.pcap,tcp_239625,tcp,239625,SSH-Patator,Malware,Patator,SSH-Patator
Wednesday-14-02-2018_448.pcap,tcp_195657,tcp,195657,SSH-Patator,Malware,Patator,SSH-Patator
Wednesday-14-02-2018_448.pcap,tcp_285105,tcp,285105,SSH-Patator,Malware,Patator,SSH-Patator
Wednesday-14-02-2018_448.pcap,tcp_258305,tcp,258305,SSH-Patator,Malware,Patator,SSH-Patator
Wednesday-14-02-2018_448.pcap,tcp_199955,tcp,199955,SSH-Patator,Malware,Patator,SSH-Patator
Wednesday-14-02-2018_448.pcap,tcp_254449,tcp,254449,SSH-Patator,Malware,Patator,SSH-Patator
Wednesday-14-02-2018_448.pcap,tcp_255444,tcp,255444,SSH-Patator,Malware,Patator,SSH-Patator
Wednesday-14-02-2018_448.pcap,tcp_245220,tcp,245220,SSH-Patator,Malware,Patator,SSH-Patator
Wednesday-14-02-2018_448.pcap,tcp_219645,tcp,219645,SSH-Patator,Malware,Patator,SSH-Patator
Wednesday-14-02-2018_448.pcap,tcp_267279,tcp,267279,SSH-Patator,Malware,Patator,SSH-Patator
Wednesday-14-02-2018_448.pcap,tcp_271542,tcp,271542,SSH-Patator,Malware,Patator,SSH-Patator
Wednesday-14-02-2018_448.pcap,tcp_281204,tcp,281204,SSH-Patator,Malware,Patator,SSH-Patator
Wednesday-14-02-2018_448.pcap,tcp_224347,tcp,224347,SSH-Patator,Malware,Patator,SSH-Patator
Wednesday-14-02-2018_448.pcap,tcp_217371,tcp,217371,SSH-Patator,Malware,Patator,SSH-Patator
Wednesday-14-02-2018_448.pcap,tcp_246880,tcp,246880,SSH-Patator,Malware,Patator,SSH-Patator
Wednesday-14-02-2018_448.pcap,tcp_225660,tcp,225660,SSH-Patator,Malware,Patator,SSH-Patator
Wednesday-14-02-2018_448.pcap,tcp_245835,tcp,245835,SSH-Patator,Malware,Patator,SSH-Patator
Wednesday-14-02-2018_448.pcap,tcp_250877,tcp,250877,SSH-Patator,Malware,Patator,SSH-Patator
Wednesday-14-02-2018_448.pcap,tcp_220874,tcp,220874,SSH-Patator,Malware,Patator,SSH-Patator
Wednesday-14-02-2018_448.pcap,tcp_195351,tcp,195351,SSH-Patator,Malware,Patator,SSH-Patator
Wednesday-14-02-2018_448.pcap,tcp_198369,tcp,198369,SSH-Patator,Malware,Patator,SSH-Patator
Wednesday-14-02-2018_448.pcap,tcp_284984,tcp,284984,SSH-Patator,Malware,Patator,SSH-Patator
Wednesday-14-02-2018_448.pcap,tcp_250102,tcp,250102,SSH-Patator,Malware,Patator,SSH-Patator
Wednesday-14-02-2018_448.pcap,tcp_235243,tcp,235243,SSH-Patator,Malware,Patator,SSH-Patator
Wednesday-14-02-2018_448.pcap,tcp_274118,tcp,274118,SSH-Patator,Malware,Patator,SSH-Patator
Wednesday-14-02-2018_448.pcap,tcp_245164,tcp,245164,SSH-Patator,Malware,Patator,SSH-Patator
Wednesday-14-02-2018_448.pcap,tcp_195432,tcp,195432,SSH-Patator,Malware,Patator,SSH-Patator
Wednesday-14-02-2018_448.pcap,tcp_228851,tcp,228851,SSH-Patator,Malware,Patator,SSH-Patator
Wednesday-14-02-2018_448.pcap,tcp_257869,tcp,257869,SSH-Patator,Malware,Patator,SSH-Patator
Wednesday-14-02-2018_448.pcap,tcp_253360,tcp,253360,SSH-Patator,Malware,Patator,SSH-Patator
Wednesday-14-02-2018_448.pcap,tcp_195372,tcp,195372,SSH-Patator,Malware,Patator,SSH-Patator
Wednesday-14-02-2018_448.pcap,tcp_206720,tcp,206720,SSH-Patator,Malware,Patator,SSH-Patator
Wednesday-14-02-2018_448.pcap,tcp_227497,tcp,227497,SSH-Patator,Malware,Patator,SSH-Patator
Wednesday-14-02-2018_448.pcap,tcp_205165,tcp,205165,SSH-Patator,Malware,Patator,SSH-Patator
Wednesday-14-02-2018_448.pcap,tcp_267374,tcp,267374,SSH-Patator,Malware,Patator,SSH-Patator
Wednesday-14-02-2018_448.pcap,tcp_227544,tcp,227544,SSH-Patator,Malware,Patator,SSH-Patator
Wednesday-14-02-2018_448.pcap,tcp_255863,tcp,255863,SSH-Patator,Malware,Patator,SSH-Patator
Wednesday-14-02-2018_448.pcap,tcp_216807,tcp,216807,SSH-Patator,Malware,Patator,SSH-Patator
Wednesday-14-02-2018_448.pcap,tcp_205456,tcp,205456,SSH-Patator,Malware,Patator,SSH-Patator
Wednesday-14-02-2018_448.pcap,tcp_254770,tcp,254770,SSH-Patator,Malware,Patator,SSH-Patator
Wednesday-14-02-2018_448.pcap,tcp_206264,tcp,206264,SSH-Patator,Malware,Patator,SSH-Patator
Wednesday-14-02-2018_448.pcap,tcp_206171,tcp,206171,SSH-Patator,Malware,Patator,SSH-Patator
Wednesday-14-02-2018_448.pcap,tcp_267333,tcp,267333,SSH-Patator,Malware,Patator,SSH-Patator
Wednesday-14-02-2018_448.pcap,tcp_278649,tcp,278649,SSH-Patator,Malware,Patator,SSH-Patator
Wednesday-14-02-2018_448.pcap,tcp_252667,tcp,252667,SSH-Patator,Malware,Patator,SSH-Patator
Wednesday-14-02-2018_448.pcap,tcp_255637,tcp,255637,SSH-Patator,Malware,Patator,SSH-Patator
Wednesday-14-02-2018_448.pcap,tcp_222052,tcp,222052,SSH-Patator,Malware,Patator,SSH-Patator
Wednesday-14-02-2018_448.pcap,tcp_272645,tcp,272645,SSH-Patator,Malware,Patator,SSH-Patator
Wednesday-14-02-2018_448.pcap,tcp_224706,tcp,224706,SSH-Patator,Malware,Patator,SSH-Patator
Wednesday-14-02-2018_448.pcap,tcp_194783,tcp,194783,SSH-Patator,Malware,Patator,SSH-Patator
Wednesday-14-02-2018_448.pcap,tcp_229118,tcp,229118,SSH-Patator,Malware,Patator,SSH-Patator
Wednesday-14-02-2018_448.pcap,tcp_198655,tcp,198655,SSH-Patator,Malware,Patator,SSH-Patator
Wednesday-14-02-2018_448.pcap,tcp_255902,tcp,255902,SSH-Patator,Malware,Patator,SSH-Patator
Wednesday-14-02-2018_448.pcap,tcp_234762,tcp,234762,SSH-Patator,Malware,Patator,SSH-Patator
Wednesday-14-02-2018_448.pcap,tcp_247734,tcp,247734,SSH-Patator,Malware,Patator,SSH-Patator
Wednesday-14-02-2018_448.pcap,tcp_214929,tcp,214929,SSH-Patator,Malware,Patator,SSH-Patator
Wednesday-14-02-2018_448.pcap,tcp_224444,tcp,224444,SSH-Patator,Malware,Patator,SSH-Patator
Wednesday-14-02-2018_448.pcap,tcp_265555,tcp,265555,SSH-Patator,Malware,Patator,SSH-Patator
Wednesday-14-02-2018_448.pcap,tcp_280881,tcp,280881,SSH-Patator,Malware,Patator,SSH-Patator
Wednesday-14-02-2018_448.pcap,tcp_240499,tcp,240499,SSH-Patator,Malware,Patator,SSH-Patator
Wednesday-14-02-2018_448.pcap,tcp_243206,tcp,243206,SSH-Patator,Malware,Patator,SSH-Patator
Wednesday-14-02-2018_448.pcap,tcp_268154,tcp,268154,SSH-Patator,Malware,Patator,SSH-Patator
Wednesday-14-02-2018_448.pcap,tcp_221566,tcp,221566,SSH-Patator,Malware,Patator,SSH-Patator
Wednesday-14-02-2018_448.pcap,tcp_247404,tcp,247404,SSH-Patator,Malware,Patator,SSH-Patator
Wednesday-14-02-2018_448.pcap,tcp_260713,tcp,260713,SSH-Patator,Malware,Patator,SSH-Patator
Wednesday-14-02-2018_448.pcap,tcp_282146,tcp,282146,SSH-Patator,Malware,Patator,SSH-Patator
Wednesday-14-02-2018_448.pcap,tcp_196959,tcp,196959,SSH-Patator,Malware,Patator,SSH-Patator
Wednesday-14-02-2018_448.pcap,tcp_274727,tcp,274727,SSH-Patator,Malware,Patator,SSH-Patator
Wednesday-14-02-2018_448.pcap,tcp_199342,tcp,199342,SSH-Patator,Malware,Patator,SSH-Patator
Wednesday-14-02-2018_448.pcap,tcp_244902,tcp,244902,SSH-Patator,Malware,Patator,SSH-Patator
Wednesday-14-02-2018_448.pcap,tcp_266430,tcp,266430,SSH-Patator,Malware,Patator,SSH-Patator
Wednesday-14-02-2018_448.pcap,tcp_282277,tcp,282277,SSH-Patator,Malware,Patator,SSH-Patator
Wednesday-14-02-2018_448.pcap,tcp_226800,tcp,226800,SSH-Patator,Malware,Patator,SSH-Patator
Wednesday-14-02-2018_448.pcap,tcp_238104,tcp,238104,SSH-Patator,Malware,Patator,SSH-Patator
Wednesday-14-02-2018_448.pcap,tcp_279113,tcp,279113,SSH-Patator,Malware,Patator,SSH-Patator
Wednesday-14-02-2018_448.pcap,tcp_260051,tcp,260051,SSH-Patator,Malware,Patator,SSH-Patator
Wednesday-14-02-2018_448.pcap,tcp_228697,tcp,228697,SSH-Patator,Malware,Patator,SSH-Patator
Wednesday-14-02-2018_448.pcap,tcp_204473,tcp,204473,SSH-Patator,Malware,Patator,SSH-Patator
Wednesday-14-02-2018_448.pcap,tcp_224367,tcp,224367,SSH-Patator,Malware,Patator,SSH-Patator
Wednesday-14-02-2018_448.pcap,tcp_222793,tcp,222793,SSH-Patator,Malware,Patator,SSH-Patator
Wednesday-14-02-2018_448.pcap,tcp_223716,tcp,223716,SSH-Patator,Malware,Patator,SSH-Patator
Wednesday-14-02-2018_448.pcap,tcp_282353,tcp,282353,SSH-Patator,Malware,Patator,SSH-Patator
Wednesday-14-02-2018_448.pcap,tcp_200501,tcp,200501,SSH-Patator,Malware,Patator,SSH-Patator
Wednesday-14-02-2018_448.pcap,tcp_222447,tcp,222447,SSH-Patator,Malware,Patator,SSH-Patator
Wednesday-14-02-2018_448.pcap,tcp_256390,tcp,256390,SSH-Patator,Malware,Patator,SSH-Patator
Wednesday-14-02-2018_448.pcap,tcp_216204,tcp,216204,SSH-Patator,Malware,Patator,SSH-Patator
Wednesday-14-02-2018_448.pcap,tcp_248954,tcp,248954,SSH-Patator,Malware,Patator,SSH-Patator
Wednesday-14-02-2018_448.pcap,tcp_201192,tcp,201192,SSH-Patator,Malware,Patator,SSH-Patator
Wednesday-14-02-2018_448.pcap,tcp_274680,tcp,274680,SSH-Patator,Malware,Patator,SSH-Patator
Wednesday-14-02-2018_448.pcap,tcp_234732,tcp,234732,SSH-Patator,Malware,Patator,SSH-Patator
Wednesday-14-02-2018_448.pcap,tcp_249979,tcp,249979,SSH-Patator,Malware,Patator,SSH-Patator
Wednesday-14-02-2018_448.pcap,tcp_247598,tcp,247598,SSH-Patator,Malware,Patator,SSH-Patator
Wednesday-14-02-2018_448.pcap,tcp_276245,tcp,276245,SSH-Patator,Malware,Patator,SSH-Patator
Wednesday-14-02-2018_448.pcap,tcp_240446,tcp,240446,SSH-Patator,Malware,Patator,SSH-Patator
Wednesday-14-02-2018_448.pcap,tcp_225838,tcp,225838,SSH-Patator,Malware,Patator,SSH-Patator
Wednesday-14-02-2018_448.pcap,tcp_264827,tcp,264827,SSH-Patator,Malware,Patator,SSH-Patator
Wednesday-14-02-2018_448.pcap,tcp_216993,tcp,216993,SSH-Patator,Malware,Patator,SSH-Patator
Wednesday-14-02-2018_448.pcap,tcp_276463,tcp,276463,SSH-Patator,Malware,Patator,SSH-Patator
Wednesday-14-02-2018_448.pcap,tcp_262442,tcp,262442,SSH-Patator,Malware,Patator,SSH-Patator
Wednesday-14-02-2018_448.pcap,tcp_267544,tcp,267544,SSH-Patator,Malware,Patator,SSH-Patator
Wednesday-14-02-2018_448.pcap,tcp_269167,tcp,269167,SSH-Patator,Malware,Patator,SSH-Patator
Wednesday-14-02-2018_448.pcap,tcp_277103,tcp,277103,SSH-Patator,Malware,Patator,SSH-Patator
Wednesday-14-02-2018_448.pcap,tcp_245529,tcp,245529,SSH-Patator,Malware,Patator,SSH-Patator
Wednesday-14-02-2018_448.pcap,tcp_206650,tcp,206650,SSH-Patator,Malware,Patator,SSH-Patator
Wednesday-14-02-2018_448.pcap,tcp_210248,tcp,210248,SSH-Patator,Malware,Patator,SSH-Patator
Wednesday-14-02-2018_448.pcap,tcp_228252,tcp,228252,SSH-Patator,Malware,Patator,SSH-Patator
Wednesday-14-02-2018_448.pcap,tcp_275771,tcp,275771,SSH-Patator,Malware,Patator,SSH-Patator
Wednesday-14-02-2018_448.pcap,tcp_194233,tcp,194233,SSH-Patator,Malware,Patator,SSH-Patator
Wednesday-14-02-2018_448.pcap,tcp_194235,tcp,194235,SSH-Patator,Malware,Patator,SSH-Patator
Wednesday-14-02-2018_448.pcap,tcp_194243,tcp,194243,SSH-Patator,Malware,Patator,SSH-Patator
Wednesday-14-02-2018_448.pcap,tcp_194217,tcp,194217,SSH-Patator,Malware,Patator,SSH-Patator
Wednesday-14-02-2018_448.pcap,tcp_194223,tcp,194223,SSH-Patator,Malware,Patator,SSH-Patator
Wednesday-14-02-2018_448.pcap,tcp_194239,tcp,194239,SSH-Patator,Malware,Patator,SSH-Patator
Wednesday-14-02-2018_448.pcap,tcp_194216,tcp,194216,SSH-Patator,Malware,Patator,SSH-Patator
Wednesday-14-02-2018_448.pcap,tcp_194244,tcp,194244,SSH-Patator,Malware,Patator,SSH-Patator
Wednesday-14-02-2018_448.pcap,tcp_194215,tcp,194215,SSH-Patator,Malware,Patator,SSH-Patator
Wednesday-14-02-2018_448.pcap,tcp_194218,tcp,194218,SSH-Patator,Malware,Patator,SSH-Patator
Wednesday-14-02-2018_448.pcap,tcp_194225,tcp,194225,SSH-Patator,Malware,Patator,SSH-Patator
Wednesday-14-02-2018_448.pcap,tcp_194238,tcp,194238,SSH-Patator,Malware,Patator,SSH-Patator
Wednesday-14-02-2018_448.pcap,tcp_194234,tcp,194234,SSH-Patator,Malware,Patator,SSH-Patator
Wednesday-14-02-2018_448.pcap,tcp_194219,tcp,194219,SSH-Patator,Malware,Patator,SSH-Patator
Wednesday-14-02-2018_448.pcap,tcp_194237,tcp,194237,SSH-Patator,Malware,Patator,SSH-Patator
Wednesday-14-02-2018_448.pcap,tcp_194230,tcp,194230,SSH-Patator,Malware,Patator,SSH-Patator
Wednesday-14-02-2018_448.pcap,tcp_194240,tcp,194240,SSH-Patator,Malware,Patator,SSH-Patator
Wednesday-14-02-2018_448.pcap,tcp_194221,tcp,194221,SSH-Patator,Malware,Patator,SSH-Patator
Wednesday-14-02-2018_448.pcap,tcp_194228,tcp,194228,SSH-Patator,Malware,Patator,SSH-Patator
Wednesday-14-02-2018_448.pcap,tcp_194220,tcp,194220,SSH-Patator,Malware,Patator,SSH-Patator
Wednesday-14-02-2018_448.pcap,tcp_194227,tcp,194227,SSH-Patator,Malware,Patator,SSH-Patator
Wednesday-14-02-2018_448.pcap,tcp_194229,tcp,194229,SSH-Patator,Malware,Patator,SSH-Patator
Wednesday-14-02-2018_448.pcap,tcp_194224,tcp,194224,SSH-Patator,Malware,Patator,SSH-Patator
Wednesday-14-02-2018_448.pcap,tcp_194241,tcp,194241,SSH-Patator,Malware,Patator,SSH-Patator
Wednesday-14-02-2018_448.pcap,tcp_194231,tcp,194231,SSH-Patator,Malware,Patator,SSH-Patator
Wednesday-14-02-2018_448.pcap,tcp_194242,tcp,194242,SSH-Patator,Malware,Patator,SSH-Patator
Friday-02-03-2018_269.pcap,tcp_5308,tcp,5308,Bot,Malware,Bot,Bot
Friday-02-03-2018_281.pcap,tcp_611,tcp,611,Bot,Malware,Bot,Bot
Friday-02-03-2018_269.pcap,tcp_3125,tcp,3125,Bot,Malware,Bot,Bot
Friday-02-03-2018_272.pcap,tcp_19975,tcp,19975,Bot,Malware,Bot,Bot
Friday-02-03-2018_281.pcap,tcp_11406,tcp,11406,Bot,Malware,Bot,Bot
Friday-02-03-2018_272.pcap,tcp_3420,tcp,3420,Bot,Malware,Bot,Bot
Friday-02-03-2018_277.pcap,tcp_2528,tcp,2528,Bot,Malware,Bot,Bot
Friday-02-03-2018_272.pcap,tcp_4059,tcp,4059,Bot,Malware,Bot,Bot
Friday-02-03-2018_275.pcap,tcp_13106,tcp,13106,Bot,Malware,Bot,Bot
Friday-02-03-2018_283.pcap,tcp_2877,tcp,2877,Bot,Malware,Bot,Bot
Friday-02-03-2018_269.pcap,tcp_20845,tcp,20845,Bot,Malware,Bot,Bot
Friday-02-03-2018_275.pcap,tcp_16767,tcp,16767,Bot,Malware,Bot,Bot
Friday-02-03-2018_269.pcap,tcp_2758,tcp,2758,Bot,Malware,Bot,Bot
Friday-02-03-2018_277.pcap,tcp_11910,tcp,11910,Bot,Malware,Bot,Bot
Friday-02-03-2018_281.pcap,tcp_13551,tcp,13551,Bot,Malware,Bot,Bot
Friday-02-03-2018_273.pcap,tcp_5174,tcp,5174,Bot,Malware,Bot,Bot
Friday-02-03-2018_277.pcap,tcp_12334,tcp,12334,Bot,Malware,Bot,Bot
Friday-02-03-2018_269.pcap,tcp_19858,tcp,19858,Bot,Malware,Bot,Bot
Friday-02-03-2018_281.pcap,tcp_15486,tcp,15486,Bot,Malware,Bot,Bot
Friday-02-03-2018_277.pcap,tcp_2367,tcp,2367,Bot,Malware,Bot,Bot
Friday-02-03-2018_283.pcap,tcp_5384,tcp,5384,Bot,Malware,Bot,Bot
Friday-02-03-2018_283.pcap,tcp_5956,tcp,5956,Bot,Malware,Bot,Bot
Friday-02-03-2018_272.pcap,tcp_20507,tcp,20507,Bot,Malware,Bot,Bot
Friday-02-03-2018_269.pcap,tcp_6714,tcp,6714,Bot,Malware,Bot,Bot
Friday-02-03-2018_281.pcap,tcp_3049,tcp,3049,Bot,Malware,Bot,Bot
Friday-02-03-2018_281.pcap,tcp_2852,tcp,2852,Bot,Malware,Bot,Bot
Friday-02-03-2018_269.pcap,tcp_2319,tcp,2319,Bot,Malware,Bot,Bot
Friday-02-03-2018_272.pcap,tcp_18178,tcp,18178,Bot,Malware,Bot,Bot
Friday-02-03-2018_277.pcap,tcp_13521,tcp,13521,Bot,Malware,Bot,Bot
Friday-02-03-2018_284.pcap,tcp_3604,tcp,3604,Bot,Malware,Bot,Bot
Friday-02-03-2018_275.pcap,tcp_3694,tcp,3694,Bot,Malware,Bot,Bot
Friday-02-03-2018_283.pcap,tcp_15762,tcp,15762,Bot,Malware,Bot,Bot
Friday-02-03-2018_283.pcap,tcp_5188,tcp,5188,Bot,Malware,Bot,Bot
Friday-02-03-2018_275.pcap,tcp_4877,tcp,4877,Bot,Malware,Bot,Bot
Friday-02-03-2018_281.pcap,tcp_11129,tcp,11129,Bot,Malware,Bot,Bot
Friday-02-03-2018_269.pcap,tcp_5548,tcp,5548,Bot,Malware,Bot,Bot
Friday-02-03-2018_277.pcap,tcp_16288,tcp,16288,Bot,Malware,Bot,Bot
Friday-02-03-2018_272.pcap,tcp_16962,tcp,16962,Bot,Malware,Bot,Bot
Friday-02-03-2018_283.pcap,tcp_15149,tcp,15149,Bot,Malware,Bot,Bot
Friday-02-03-2018_284.pcap,tcp_20556,tcp,20556,Bot,Malware,Bot,Bot
Friday-02-03-2018_275.pcap,tcp_4483,tcp,4483,Bot,Malware,Bot,Bot
Friday-02-03-2018_270.pcap,tcp_12273,tcp,12273,Bot,Malware,Bot,Bot
Friday-02-03-2018_273.pcap,tcp_3936,tcp,3936,Bot,Malware,Bot,Bot
Friday-02-03-2018_275.pcap,tcp_15616,tcp,15616,Bot,Malware,Bot,Bot
Friday-02-03-2018_284.pcap,tcp_4462,tcp,4462,Bot,Malware,Bot,Bot
Friday-02-03-2018_272.pcap,tcp_7383,tcp,7383,Bot,Malware,Bot,Bot
Friday-02-03-2018_284.pcap,tcp_18393,tcp,18393,Bot,Malware,Bot,Bot
Friday-02-03-2018_277.pcap,tcp_2404,tcp,2404,Bot,Malware,Bot,Bot
Friday-02-03-2018_283.pcap,tcp_3023,tcp,3023,Bot,Malware,Bot,Bot
Friday-02-03-2018_281.pcap,tcp_3493,tcp,3493,Bot,Malware,Bot,Bot
Friday-02-03-2018_269.pcap,tcp_2631,tcp,2631,Bot,Malware,Bot,Bot
Friday-02-03-2018_272.pcap,tcp_17725,tcp,17725,Bot,Malware,Bot,Bot
Friday-02-03-2018_281.pcap,tcp_13916,tcp,13916,Bot,Malware,Bot,Bot
Friday-02-03-2018_283.pcap,tcp_5386,tcp,5386,Bot,Malware,Bot,Bot
Friday-02-03-2018_270.pcap,tcp_16671,tcp,16671,Bot,Malware,Bot,Bot
Friday-02-03-2018_281.pcap,tcp_15773,tcp,15773,Bot,Malware,Bot,Bot
Friday-02-03-2018_270.pcap,tcp_16309,tcp,16309,Bot,Malware,Bot,Bot
Friday-02-03-2018_273.pcap,tcp_4727,tcp,4727,Bot,Malware,Bot,Bot
Friday-02-03-2018_283.pcap,tcp_15672,tcp,15672,Bot,Malware,Bot,Bot
Friday-02-03-2018_283.pcap,tcp_17322,tcp,17322,Bot,Malware,Bot,Bot
Friday-02-03-2018_279.pcap,tcp_14405,tcp,14405,Bot,Malware,Bot,Bot
Friday-02-03-2018_277.pcap,tcp_15888,tcp,15888,Bot,Malware,Bot,Bot
Friday-02-03-2018_273.pcap,tcp_5769,tcp,5769,Bot,Malware,Bot,Bot
Friday-02-03-2018_269.pcap,tcp_3726,tcp,3726,Bot,Malware,Bot,Bot
Friday-02-03-2018_272.pcap,tcp_16820,tcp,16820,Bot,Malware,Bot,Bot
Friday-02-03-2018_269.pcap,tcp_20519,tcp,20519,Bot,Malware,Bot,Bot
Friday-02-03-2018_283.pcap,tcp_16367,tcp,16367,Bot,Malware,Bot,Bot
Friday-02-03-2018_283.pcap,tcp_13083,tcp,13083,Bot,Malware,Bot,Bot
Friday-02-03-2018_277.pcap,tcp_17072,tcp,17072,Bot,Malware,Bot,Bot
Friday-02-03-2018_269.pcap,tcp_4193,tcp,4193,Bot,Malware,Bot,Bot
Friday-02-03-2018_284.pcap,tcp_19744,tcp,19744,Bot,Malware,Bot,Bot
Friday-02-03-2018_277.pcap,tcp_5489,tcp,5489,Bot,Malware,Bot,Bot
Friday-02-03-2018_284.pcap,tcp_17706,tcp,17706,Bot,Malware,Bot,Bot
Friday-02-03-2018_272.pcap,tcp_2197,tcp,2197,Bot,Malware,Bot,Bot
Friday-02-03-2018_279.pcap,tcp_1933,tcp,1933,Bot,Malware,Bot,Bot
Friday-02-03-2018_272.pcap,tcp_7371,tcp,7371,Bot,Malware,Bot,Bot
Friday-02-03-2018_277.pcap,tcp_13386,tcp,13386,Bot,Malware,Bot,Bot
Friday-02-03-2018_270.pcap,tcp_13930,tcp,13930,Bot,Malware,Bot,Bot
Friday-02-03-2018_279.pcap,tcp_19694,tcp,19694,Bot,Malware,Bot,Bot
Friday-02-03-2018_277.pcap,tcp_14492,tcp,14492,Bot,Malware,Bot,Bot
Friday-02-03-2018_277.pcap,tcp_5588,tcp,5588,Bot,Malware,Bot,Bot
Friday-02-03-2018_279.pcap,tcp_17773,tcp,17773,Bot,Malware,Bot,Bot
Friday-02-03-2018_284.pcap,tcp_3116,tcp,3116,Bot,Malware,Bot,Bot
Friday-02-03-2018_270.pcap,tcp_12763,tcp,12763,Bot,Malware,Bot,Bot
Friday-02-03-2018_279.pcap,tcp_17744,tcp,17744,Bot,Malware,Bot,Bot
Friday-02-03-2018_272.pcap,tcp_2288,tcp,2288,Bot,Malware,Bot,Bot
Friday-02-03-2018_275.pcap,tcp_2707,tcp,2707,Bot,Malware,Bot,Bot
Friday-02-03-2018_275.pcap,tcp_2456,tcp,2456,Bot,Malware,Bot,Bot
Friday-02-03-2018_281.pcap,tcp_12331,tcp,12331,Bot,Malware,Bot,Bot
Friday-02-03-2018_273.pcap,tcp_5094,tcp,5094,Bot,Malware,Bot,Bot
Friday-02-03-2018_272.pcap,tcp_15179,tcp,15179,Bot,Malware,Bot,Bot
Friday-02-03-2018_284.pcap,tcp_6924,tcp,6924,Bot,Malware,Bot,Bot
Friday-02-03-2018_277.pcap,tcp_16333,tcp,16333,Bot,Malware,Bot,Bot
Friday-02-03-2018_281.pcap,tcp_4632,tcp,4632,Bot,Malware,Bot,Bot
Friday-02-03-2018_283.pcap,tcp_5490,tcp,5490,Bot,Malware,Bot,Bot
Friday-02-03-2018_272.pcap,tcp_7010,tcp,7010,Bot,Malware,Bot,Bot
Friday-02-03-2018_284.pcap,tcp_1646,tcp,1646,Bot,Malware,Bot,Bot
Friday-02-03-2018_283.pcap,tcp_17604,tcp,17604,Bot,Malware,Bot,Bot
Friday-02-03-2018_277.pcap,tcp_5031,tcp,5031,Bot,Malware,Bot,Bot
Friday-02-03-2018_272.pcap,tcp_18183,tcp,18183,Bot,Malware,Bot,Bot
Friday-02-03-2018_284.pcap,tcp_20038,tcp,20038,Bot,Malware,Bot,Bot
Friday-02-03-2018_279.pcap,tcp_6558,tcp,6558,Bot,Malware,Bot,Bot
Friday-02-03-2018_283.pcap,tcp_15797,tcp,15797,Bot,Malware,Bot,Bot
Friday-02-03-2018_275.pcap,tcp_13774,tcp,13774,Bot,Malware,Bot,Bot
Friday-02-03-2018_281.pcap,tcp_15074,tcp,15074,Bot,Malware,Bot,Bot
Friday-02-03-2018_272.pcap,tcp_3791,tcp,3791,Bot,Malware,Bot,Bot
Friday-02-03-2018_273.pcap,tcp_5950,tcp,5950,Bot,Malware,Bot,Bot
Friday-02-03-2018_275.pcap,tcp_14091,tcp,14091,Bot,Malware,Bot,Bot
Friday-02-03-2018_272.pcap,tcp_4697,tcp,4697,Bot,Malware,Bot,Bot
Friday-02-03-2018_270.pcap,tcp_2537,tcp,2537,Bot,Malware,Bot,Bot
Friday-02-03-2018_275.pcap,tcp_4046,tcp,4046,Bot,Malware,Bot,Bot
Friday-02-03-2018_283.pcap,tcp_15040,tcp,15040,Bot,Malware,Bot,Bot
Friday-02-03-2018_275.pcap,tcp_15568,tcp,15568,Bot,Malware,Bot,Bot
Friday-02-03-2018_281.pcap,tcp_4487,tcp,4487,Bot,Malware,Bot,Bot
Friday-02-03-2018_277.pcap,tcp_15062,tcp,15062,Bot,Malware,Bot,Bot
Friday-02-03-2018_270.pcap,tcp_5538,tcp,5538,Bot,Malware,Bot,Bot
Friday-02-03-2018_272.pcap,tcp_5089,tcp,5089,Bot,Malware,Bot,Bot
Friday-02-03-2018_275.pcap,tcp_3274,tcp,3274,Bot,Malware,Bot,Bot
Friday-02-03-2018_283.pcap,tcp_12869,tcp,12869,Bot,Malware,Bot,Bot
Friday-02-03-2018_270.pcap,tcp_3873,tcp,3873,Bot,Malware,Bot,Bot
Friday-02-03-2018_284.pcap,tcp_2490,tcp,2490,Bot,Malware,Bot,Bot
Friday-02-03-2018_284.pcap,tcp_19197,tcp,19197,Bot,Malware,Bot,Bot
Friday-02-03-2018_270.pcap,tcp_2787,tcp,2787,Bot,Malware,Bot,Bot
Friday-02-03-2018_284.pcap,tcp_18912,tcp,18912,Bot,Malware,Bot,Bot
Friday-02-03-2018_272.pcap,tcp_4748,tcp,4748,Bot,Malware,Bot,Bot
Friday-02-03-2018_273.pcap,tcp_5545,tcp,5545,Bot,Malware,Bot,Bot
Friday-02-03-2018_284.pcap,tcp_17751,tcp,17751,Bot,Malware,Bot,Bot
Friday-02-03-2018_284.pcap,tcp_16824,tcp,16824,Bot,Malware,Bot,Bot
Friday-02-03-2018_283.pcap,tcp_14728,tcp,14728,Bot,Malware,Bot,Bot
Friday-02-03-2018_270.pcap,tcp_15411,tcp,15411,Bot,Malware,Bot,Bot
Friday-02-03-2018_283.pcap,tcp_15929,tcp,15929,Bot,Malware,Bot,Bot
Friday-02-03-2018_284.pcap,tcp_19471,tcp,19471,Bot,Malware,Bot,Bot
Friday-02-03-2018_273.pcap,tcp_5715,tcp,5715,Bot,Malware,Bot,Bot
Friday-02-03-2018_275.pcap,tcp_12715,tcp,12715,Bot,Malware,Bot,Bot
Friday-02-03-2018_277.pcap,tcp_17180,tcp,17180,Bot,Malware,Bot,Bot
Friday-02-03-2018_279.pcap,tcp_3383,tcp,3383,Bot,Malware,Bot,Bot
Friday-02-03-2018_269.pcap,tcp_20435,tcp,20435,Bot,Malware,Bot,Bot
Friday-02-03-2018_284.pcap,tcp_16651,tcp,16651,Bot,Malware,Bot,Bot
Friday-02-03-2018_283.pcap,tcp_17579,tcp,17579,Bot,Malware,Bot,Bot
Friday-02-03-2018_275.pcap,tcp_4147,tcp,4147,Bot,Malware,Bot,Bot
Friday-02-03-2018_273.pcap,tcp_1862,tcp,1862,Bot,Malware,Bot,Bot
Friday-02-03-2018_283.pcap,tcp_5344,tcp,5344,Bot,Malware,Bot,Bot
Friday-02-03-2018_279.pcap,tcp_3611,tcp,3611,Bot,Malware,Bot,Bot
Friday-02-03-2018_269.pcap,tcp_4293,tcp,4293,Bot,Malware,Bot,Bot
Friday-02-03-2018_275.pcap,tcp_4697,tcp,4697,Bot,Malware,Bot,Bot
Friday-02-03-2018_270.pcap,tcp_2105,tcp,2105,Bot,Malware,Bot,Bot
Friday-02-03-2018_272.pcap,tcp_6619,tcp,6619,Bot,Malware,Bot,Bot
Friday-02-03-2018_283.pcap,tcp_15083,tcp,15083,Bot,Malware,Bot,Bot
Friday-02-03-2018_277.pcap,tcp_13647,tcp,13647,Bot,Malware,Bot,Bot
Friday-02-03-2018_270.pcap,tcp_3529,tcp,3529,Bot,Malware,Bot,Bot
Friday-02-03-2018_277.pcap,tcp_1295,tcp,1295,Bot,Malware,Bot,Bot
Friday-02-03-2018_272.pcap,tcp_7128,tcp,7128,Bot,Malware,Bot,Bot
Friday-02-03-2018_284.pcap,tcp_17674,tcp,17674,Bot,Malware,Bot,Bot
Friday-02-03-2018_275.pcap,tcp_4221,tcp,4221,Bot,Malware,Bot,Bot
Friday-02-03-2018_283.pcap,tcp_16226,tcp,16226,Bot,Malware,Bot,Bot
Friday-02-03-2018_270.pcap,tcp_16135,tcp,16135,Bot,Malware,Bot,Bot
Friday-02-03-2018_275.pcap,tcp_3394,tcp,3394,Bot,Malware,Bot,Bot
Friday-02-03-2018_275.pcap,tcp_14389,tcp,14389,Bot,Malware,Bot,Bot
Friday-02-03-2018_270.pcap,tcp_15861,tcp,15861,Bot,Malware,Bot,Bot
Friday-02-03-2018_283.pcap,tcp_13907,tcp,13907,Bot,Malware,Bot,Bot
Friday-02-03-2018_272.pcap,tcp_4187,tcp,4187,Bot,Malware,Bot,Bot
Friday-02-03-2018_279.pcap,tcp_3283,tcp,3283,Bot,Malware,Bot,Bot
Friday-02-03-2018_279.pcap,tcp_18631,tcp,18631,Bot,Malware,Bot,Bot
Friday-02-03-2018_281.pcap,tcp_13329,tcp,13329,Bot,Malware,Bot,Bot
Friday-02-03-2018_272.pcap,tcp_19917,tcp,19917,Bot,Malware,Bot,Bot
Friday-02-03-2018_281.pcap,tcp_15769,tcp,15769,Bot,Malware,Bot,Bot
Friday-02-03-2018_272.pcap,tcp_18532,tcp,18532,Bot,Malware,Bot,Bot
Friday-02-03-2018_269.pcap,tcp_15975,tcp,15975,Bot,Malware,Bot,Bot
Friday-02-03-2018_275.pcap,tcp_5331,tcp,5331,Bot,Malware,Bot,Bot
Friday-02-03-2018_272.pcap,tcp_17939,tcp,17939,Bot,Malware,Bot,Bot
Friday-02-03-2018_270.pcap,tcp_14027,tcp,14027,Bot,Malware,Bot,Bot
Friday-02-03-2018_283.pcap,tcp_17630,tcp,17630,Bot,Malware,Bot,Bot
Friday-02-03-2018_269.pcap,tcp_19809,tcp,19809,Bot,Malware,Bot,Bot
Friday-02-03-2018_275.pcap,tcp_11826,tcp,11826,Bot,Malware,Bot,Bot
Friday-02-03-2018_269.pcap,tcp_3578,tcp,3578,Bot,Malware,Bot,Bot
Friday-02-03-2018_281.pcap,tcp_13678,tcp,13678,Bot,Malware,Bot,Bot
Friday-02-03-2018_277.pcap,tcp_4909,tcp,4909,Bot,Malware,Bot,Bot
Friday-02-03-2018_270.pcap,tcp_4680,tcp,4680,Bot,Malware,Bot,Bot
Friday-02-03-2018_281.pcap,tcp_791,tcp,791,Bot,Malware,Bot,Bot
Friday-02-03-2018_269.pcap,tcp_4909,tcp,4909,Bot,Malware,Bot,Bot
Friday-02-03-2018_269.pcap,tcp_20885,tcp,20885,Bot,Malware,Bot,Bot
Friday-02-03-2018_284.pcap,tcp_16612,tcp,16612,Bot,Malware,Bot,Bot
Friday-02-03-2018_279.pcap,tcp_14879,tcp,14879,Bot,Malware,Bot,Bot
Friday-02-03-2018_277.pcap,tcp_11993,tcp,11993,Bot,Malware,Bot,Bot
Friday-02-03-2018_284.pcap,tcp_6829,tcp,6829,Bot,Malware,Bot,Bot
Friday-02-03-2018_269.pcap,tcp_17958,tcp,17958,Bot,Malware,Bot,Bot
Friday-02-03-2018_275.pcap,tcp_15864,tcp,15864,Bot,Malware,Bot,Bot
Friday-02-03-2018_283.pcap,tcp_17260,tcp,17260,Bot,Malware,Bot,Bot
Friday-02-03-2018_281.pcap,tcp_16239,tcp,16239,Bot,Malware,Bot,Bot
Friday-02-03-2018_281.pcap,tcp_14844,tcp,14844,Bot,Malware,Bot,Bot
Friday-02-03-2018_277.pcap,tcp_5693,tcp,5693,Bot,Malware,Bot,Bot
Friday-02-03-2018_269.pcap,tcp_18664,tcp,18664,Bot,Malware,Bot,Bot
Friday-02-03-2018_270.pcap,tcp_14532,tcp,14532,Bot,Malware,Bot,Bot
Friday-02-03-2018_272.pcap,tcp_16671,tcp,16671,Bot,Malware,Bot,Bot
Friday-02-03-2018_281.pcap,tcp_13020,tcp,13020,Bot,Malware,Bot,Bot
Friday-02-03-2018_270.pcap,tcp_4684,tcp,4684,Bot,Malware,Bot,Bot
Friday-02-03-2018_284.pcap,tcp_1470,tcp,1470,Bot,Malware,Bot,Bot
Friday-02-03-2018_275.pcap,tcp_2640,tcp,2640,Bot,Malware,Bot,Bot
Friday-02-03-2018_275.pcap,tcp_12274,tcp,12274,Bot,Malware,Bot,Bot
Friday-02-03-2018_284.pcap,tcp_1536,tcp,1536,Bot,Malware,Bot,Bot
Friday-02-03-2018_279.pcap,tcp_5999,tcp,5999,Bot,Malware,Bot,Bot
Friday-02-03-2018_269.pcap,tcp_19852,tcp,19852,Bot,Malware,Bot,Bot
Friday-02-03-2018_283.pcap,tcp_13089,tcp,13089,Bot,Malware,Bot,Bot
Friday-02-03-2018_284.pcap,tcp_19578,tcp,19578,Bot,Malware,Bot,Bot
Friday-02-03-2018_279.pcap,tcp_19004,tcp,19004,Bot,Malware,Bot,Bot
Friday-02-03-2018_270.pcap,tcp_5304,tcp,5304,Bot,Malware,Bot,Bot
Friday-02-03-2018_283.pcap,tcp_13803,tcp,13803,Bot,Malware,Bot,Bot
Friday-02-03-2018_275.pcap,tcp_4520,tcp,4520,Bot,Malware,Bot,Bot
Friday-02-03-2018_272.pcap,tcp_18912,tcp,18912,Bot,Malware,Bot,Bot
Friday-02-03-2018_270.pcap,tcp_2122,tcp,2122,Bot,Malware,Bot,Bot
Friday-02-03-2018_283.pcap,tcp_15173,tcp,15173,Bot,Malware,Bot,Bot
Friday-02-03-2018_281.pcap,tcp_4068,tcp,4068,Bot,Malware,Bot,Bot
Friday-02-03-2018_270.pcap,tcp_13913,tcp,13913,Bot,Malware,Bot,Bot
Friday-02-03-2018_277.pcap,tcp_2554,tcp,2554,Bot,Malware,Bot,Bot
Friday-02-03-2018_277.pcap,tcp_4159,tcp,4159,Bot,Malware,Bot,Bot
Friday-02-03-2018_270.pcap,tcp_5240,tcp,5240,Bot,Malware,Bot,Bot
Friday-02-03-2018_281.pcap,tcp_13373,tcp,13373,Bot,Malware,Bot,Bot
Friday-02-03-2018_275.pcap,tcp_4781,tcp,4781,Bot,Malware,Bot,Bot
Friday-02-03-2018_283.pcap,tcp_15844,tcp,15844,Bot,Malware,Bot,Bot
Friday-02-03-2018_275.pcap,tcp_11852,tcp,11852,Bot,Malware,Bot,Bot
Friday-02-03-2018_275.pcap,tcp_5038,tcp,5038,Bot,Malware,Bot,Bot
Friday-02-03-2018_270.pcap,tcp_15989,tcp,15989,Bot,Malware,Bot,Bot
Friday-02-03-2018_275.pcap,tcp_13692,tcp,13692,Bot,Malware,Bot,Bot
Friday-02-03-2018_284.pcap,tcp_14459,tcp,14459,Bot,Malware,Bot,Bot
Friday-02-03-2018_279.pcap,tcp_3172,tcp,3172,Bot,Malware,Bot,Bot
Friday-02-03-2018_275.pcap,tcp_5808,tcp,5808,Bot,Malware,Bot,Bot
Friday-02-03-2018_269.pcap,tcp_6610,tcp,6610,Bot,Malware,Bot,Bot
Friday-02-03-2018_284.pcap,tcp_20524,tcp,20524,Bot,Malware,Bot,Bot
Friday-02-03-2018_270.pcap,tcp_15452,tcp,15452,Bot,Malware,Bot,Bot
Friday-02-03-2018_279.pcap,tcp_2117,tcp,2117,Bot,Malware,Bot,Bot
Friday-02-03-2018_275.pcap,tcp_13868,tcp,13868,Bot,Malware,Bot,Bot
Friday-02-03-2018_281.pcap,tcp_11664,tcp,11664,Bot,Malware,Bot,Bot
Friday-02-03-2018_283.pcap,tcp_14597,tcp,14597,Bot,Malware,Bot,Bot
Friday-02-03-2018_269.pcap,tcp_21251,tcp,21251,Bot,Malware,Bot,Bot
Friday-02-03-2018_275.pcap,tcp_16090,tcp,16090,Bot,Malware,Bot,Bot
Friday-02-03-2018_284.pcap,tcp_2939,tcp,2939,Bot,Malware,Bot,Bot
Friday-02-03-2018_269.pcap,tcp_18403,tcp,18403,Bot,Malware,Bot,Bot
Friday-02-03-2018_284.pcap,tcp_5693,tcp,5693,Bot,Malware,Bot,Bot
Friday-02-03-2018_270.pcap,tcp_12942,tcp,12942,Bot,Malware,Bot,Bot
Friday-02-03-2018_272.pcap,tcp_6413,tcp,6413,Bot,Malware,Bot,Bot
Friday-02-03-2018_269.pcap,tcp_20938,tcp,20938,Bot,Malware,Bot,Bot
Friday-02-03-2018_279.pcap,tcp_13729,tcp,13729,Bot,Malware,Bot,Bot
Friday-02-03-2018_284.pcap,tcp_19022,tcp,19022,Bot,Malware,Bot,Bot
Friday-02-03-2018_283.pcap,tcp_12974,tcp,12974,Bot,Malware,Bot,Bot
Friday-02-03-2018_279.pcap,tcp_2491,tcp,2491,Bot,Malware,Bot,Bot
Friday-02-03-2018_284.pcap,tcp_5094,tcp,5094,Bot,Malware,Bot,Bot
Friday-02-03-2018_277.pcap,tcp_13067,tcp,13067,Bot,Malware,Bot,Bot
Friday-02-03-2018_284.pcap,tcp_14656,tcp,14656,Bot,Malware,Bot,Bot
Friday-02-03-2018_275.pcap,tcp_3512,tcp,3512,Bot,Malware,Bot,Bot
Friday-02-03-2018_281.pcap,tcp_2635,tcp,2635,Bot,Malware,Bot,Bot
Friday-02-03-2018_275.pcap,tcp_1066,tcp,1066,Bot,Malware,Bot,Bot
Friday-02-03-2018_283.pcap,tcp_13253,tcp,13253,Bot,Malware,Bot,Bot
Friday-02-03-2018_283.pcap,tcp_18499,tcp,18499,Bot,Malware,Bot,Bot
Friday-02-03-2018_283.pcap,tcp_3642,tcp,3642,Bot,Malware,Bot,Bot
Friday-02-03-2018_279.pcap,tcp_16066,tcp,16066,Bot,Malware,Bot,Bot
Friday-02-03-2018_273.pcap,tcp_4480,tcp,4480,Bot,Malware,Bot,Bot
Friday-02-03-2018_272.pcap,tcp_17754,tcp,17754,Bot,Malware,Bot,Bot
Friday-02-03-2018_284.pcap,tcp_19072,tcp,19072,Bot,Malware,Bot,Bot
Friday-02-03-2018_279.pcap,tcp_3872,tcp,3872,Bot,Malware,Bot,Bot
Friday-02-03-2018_270.pcap,tcp_13548,tcp,13548,Bot,Malware,Bot,Bot
Friday-02-03-2018_269.pcap,tcp_20131,tcp,20131,Bot,Malware,Bot,Bot
Friday-02-03-2018_281.pcap,tcp_12568,tcp,12568,Bot,Malware,Bot,Bot
Friday-02-03-2018_277.pcap,tcp_17370,tcp,17370,Bot,Malware,Bot,Bot
Friday-02-03-2018_269.pcap,tcp_21614,tcp,21614,Bot,Malware,Bot,Bot
Friday-02-03-2018_283.pcap,tcp_5734,tcp,5734,Bot,Malware,Bot,Bot
Friday-02-03-2018_269.pcap,tcp_2425,tcp,2425,Bot,Malware,Bot,Bot
Friday-02-03-2018_279.pcap,tcp_16827,tcp,16827,Bot,Malware,Bot,Bot
Friday-02-03-2018_272.pcap,tcp_16686,tcp,16686,Bot,Malware,Bot,Bot
Friday-02-03-2018_284.pcap,tcp_3820,tcp,3820,Bot,Malware,Bot,Bot
Friday-02-03-2018_275.pcap,tcp_14483,tcp,14483,Bot,Malware,Bot,Bot
Friday-02-03-2018_269.pcap,tcp_21672,tcp,21672,Bot,Malware,Bot,Bot
Friday-02-03-2018_277.pcap,tcp_12263,tcp,12263,Bot,Malware,Bot,Bot
Friday-02-03-2018_284.pcap,tcp_2702,tcp,2702,Bot,Malware,Bot,Bot
Friday-02-03-2018_284.pcap,tcp_3500,tcp,3500,Bot,Malware,Bot,Bot
Friday-02-03-2018_275.pcap,tcp_12244,tcp,12244,Bot,Malware,Bot,Bot
Friday-02-03-2018_279.pcap,tcp_16947,tcp,16947,Bot,Malware,Bot,Bot
Friday-02-03-2018_269.pcap,tcp_7127,tcp,7127,Bot,Malware,Bot,Bot
Friday-02-03-2018_283.pcap,tcp_13231,tcp,13231,Bot,Malware,Bot,Bot
Friday-02-03-2018_269.pcap,tcp_17850,tcp,17850,Bot,Malware,Bot,Bot
Friday-02-03-2018_281.pcap,tcp_11346,tcp,11346,Bot,Malware,Bot,Bot
Friday-02-03-2018_269.pcap,tcp_6875,tcp,6875,Bot,Malware,Bot,Bot
Friday-02-03-2018_275.pcap,tcp_11683,tcp,11683,Bot,Malware,Bot,Bot
Friday-02-03-2018_284.pcap,tcp_6893,tcp,6893,Bot,Malware,Bot,Bot
Friday-02-03-2018_283.pcap,tcp_4378,tcp,4378,Bot,Malware,Bot,Bot
Friday-02-03-2018_279.pcap,tcp_18760,tcp,18760,Bot,Malware,Bot,Bot
Friday-02-03-2018_283.pcap,tcp_14177,tcp,14177,Bot,Malware,Bot,Bot
Friday-02-03-2018_277.pcap,tcp_3116,tcp,3116,Bot,Malware,Bot,Bot
Friday-02-03-2018_284.pcap,tcp_17937,tcp,17937,Bot,Malware,Bot,Bot
Friday-02-03-2018_275.pcap,tcp_4547,tcp,4547,Bot,Malware,Bot,Bot
Friday-02-03-2018_269.pcap,tcp_18500,tcp,18500,Bot,Malware,Bot,Bot
Friday-02-03-2018_275.pcap,tcp_14488,tcp,14488,Bot,Malware,Bot,Bot
Friday-02-03-2018_279.pcap,tcp_16736,tcp,16736,Bot,Malware,Bot,Bot
Friday-02-03-2018_281.pcap,tcp_3678,tcp,3678,Bot,Malware,Bot,Bot
Friday-02-03-2018_277.pcap,tcp_15581,tcp,15581,Bot,Malware,Bot,Bot
Friday-02-03-2018_275.pcap,tcp_5242,tcp,5242,Bot,Malware,Bot,Bot
Friday-02-03-2018_283.pcap,tcp_16590,tcp,16590,Bot,Malware,Bot,Bot
Friday-02-03-2018_284.pcap,tcp_15637,tcp,15637,Bot,Malware,Bot,Bot
Friday-02-03-2018_273.pcap,tcp_5364,tcp,5364,Bot,Malware,Bot,Bot
Friday-02-03-2018_284.pcap,tcp_2439,tcp,2439,Bot,Malware,Bot,Bot
Friday-02-03-2018_277.pcap,tcp_4061,tcp,4061,Bot,Malware,Bot,Bot
Friday-02-03-2018_284.pcap,tcp_19447,tcp,19447,Bot,Malware,Bot,Bot
Friday-02-03-2018_284.pcap,tcp_17022,tcp,17022,Bot,Malware,Bot,Bot
Friday-02-03-2018_281.pcap,tcp_15603,tcp,15603,Bot,Malware,Bot,Bot
Friday-02-03-2018_277.pcap,tcp_12103,tcp,12103,Bot,Malware,Bot,Bot
Friday-02-03-2018_279.pcap,tcp_6837,tcp,6837,Bot,Malware,Bot,Bot
Friday-02-03-2018_281.pcap,tcp_14305,tcp,14305,Bot,Malware,Bot,Bot
Friday-02-03-2018_284.pcap,tcp_19714,tcp,19714,Bot,Malware,Bot,Bot
Friday-02-03-2018_269.pcap,tcp_15678,tcp,15678,Bot,Malware,Bot,Bot
Friday-02-03-2018_279.pcap,tcp_6641,tcp,6641,Bot,Malware,Bot,Bot
Friday-02-03-2018_273.pcap,tcp_5167,tcp,5167,Bot,Malware,Bot,Bot
Friday-02-03-2018_272.pcap,tcp_18705,tcp,18705,Bot,Malware,Bot,Bot
Friday-02-03-2018_277.pcap,tcp_2567,tcp,2567,Bot,Malware,Bot,Bot
Friday-02-03-2018_270.pcap,tcp_15335,tcp,15335,Bot,Malware,Bot,Bot
Friday-02-03-2018_277.pcap,tcp_1102,tcp,1102,Bot,Malware,Bot,Bot
Friday-02-03-2018_283.pcap,tcp_1904,tcp,1904,Bot,Malware,Bot,Bot
Friday-02-03-2018_272.pcap,tcp_5202,tcp,5202,Bot,Malware,Bot,Bot
Friday-02-03-2018_284.pcap,tcp_5632,tcp,5632,Bot,Malware,Bot,Bot
Friday-02-03-2018_270.pcap,tcp_4397,tcp,4397,Bot,Malware,Bot,Bot
Friday-02-03-2018_284.pcap,tcp_17398,tcp,17398,Bot,Malware,Bot,Bot
Friday-02-03-2018_279.pcap,tcp_3740,tcp,3740,Bot,Malware,Bot,Bot
Friday-02-03-2018_281.pcap,tcp_3320,tcp,3320,Bot,Malware,Bot,Bot
Friday-02-03-2018_272.pcap,tcp_17607,tcp,17607,Bot,Malware,Bot,Bot
Friday-02-03-2018_269.pcap,tcp_6945,tcp,6945,Bot,Malware,Bot,Bot
Friday-02-03-2018_281.pcap,tcp_2415,tcp,2415,Bot,Malware,Bot,Bot
Friday-02-03-2018_279.pcap,tcp_19357,tcp,19357,Bot,Malware,Bot,Bot
Friday-02-03-2018_284.pcap,tcp_17880,tcp,17880,Bot,Malware,Bot,Bot
Friday-02-03-2018_281.pcap,tcp_12494,tcp,12494,Bot,Malware,Bot,Bot
Friday-02-03-2018_272.pcap,tcp_19354,tcp,19354,Bot,Malware,Bot,Bot
Friday-02-03-2018_277.pcap,tcp_5419,tcp,5419,Bot,Malware,Bot,Bot
Friday-02-03-2018_273.pcap,tcp_5558,tcp,5558,Bot,Malware,Bot,Bot
Friday-02-03-2018_284.pcap,tcp_1812,tcp,1812,Bot,Malware,Bot,Bot
Friday-02-03-2018_284.pcap,tcp_14900,tcp,14900,Bot,Malware,Bot,Bot
Friday-02-03-2018_272.pcap,tcp_3153,tcp,3153,Bot,Malware,Bot,Bot
Friday-02-03-2018_270.pcap,tcp_3252,tcp,3252,Bot,Malware,Bot,Bot
Friday-02-03-2018_283.pcap,tcp_13403,tcp,13403,Bot,Malware,Bot,Bot
Friday-02-03-2018_275.pcap,tcp_2146,tcp,2146,Bot,Malware,Bot,Bot
Friday-02-03-2018_283.pcap,tcp_2135,tcp,2135,Bot,Malware,Bot,Bot
Friday-02-03-2018_275.pcap,tcp_1480,tcp,1480,Bot,Malware,Bot,Bot
Friday-02-03-2018_270.pcap,tcp_12724,tcp,12724,Bot,Malware,Bot,Bot
Friday-02-03-2018_283.pcap,tcp_4155,tcp,4155,Bot,Malware,Bot,Bot
Friday-02-03-2018_279.pcap,tcp_18754,tcp,18754,Bot,Malware,Bot,Bot
Friday-02-03-2018_284.pcap,tcp_6080,tcp,6080,Bot,Malware,Bot,Bot
Friday-02-03-2018_272.pcap,tcp_16308,tcp,16308,Bot,Malware,Bot,Bot
Friday-02-03-2018_275.pcap,tcp_11673,tcp,11673,Bot,Malware,Bot,Bot
Friday-02-03-2018_281.pcap,tcp_12193,tcp,12193,Bot,Malware,Bot,Bot
Friday-02-03-2018_279.pcap,tcp_14804,tcp,14804,Bot,Malware,Bot,Bot
Friday-02-03-2018_269.pcap,tcp_7403,tcp,7403,Bot,Malware,Bot,Bot
Friday-02-03-2018_272.pcap,tcp_20502,tcp,20502,Bot,Malware,Bot,Bot
Friday-02-03-2018_272.pcap,tcp_3174,tcp,3174,Bot,Malware,Bot,Bot
Friday-02-03-2018_272.pcap,tcp_4051,tcp,4051,Bot,Malware,Bot,Bot
Friday-02-03-2018_270.pcap,tcp_15154,tcp,15154,Bot,Malware,Bot,Bot
Friday-02-03-2018_272.pcap,tcp_19639,tcp,19639,Bot,Malware,Bot,Bot
Friday-02-03-2018_283.pcap,tcp_15468,tcp,15468,Bot,Malware,Bot,Bot
Friday-02-03-2018_281.pcap,tcp_11249,tcp,11249,Bot,Malware,Bot,Bot
Friday-02-03-2018_281.pcap,tcp_3459,tcp,3459,Bot,Malware,Bot,Bot
Friday-02-03-2018_277.pcap,tcp_5816,tcp,5816,Bot,Malware,Bot,Bot
Friday-02-03-2018_279.pcap,tcp_19617,tcp,19617,Bot,Malware,Bot,Bot
Friday-02-03-2018_272.pcap,tcp_5854,tcp,5854,Bot,Malware,Bot,Bot
Friday-02-03-2018_272.pcap,tcp_3495,tcp,3495,Bot,Malware,Bot,Bot
Friday-02-03-2018_270.pcap,tcp_2063,tcp,2063,Bot,Malware,Bot,Bot
Friday-02-03-2018_284.pcap,tcp_15309,tcp,15309,Bot,Malware,Bot,Bot
Friday-02-03-2018_284.pcap,tcp_18964,tcp,18964,Bot,Malware,Bot,Bot
Friday-02-03-2018_269.pcap,tcp_2929,tcp,2929,Bot,Malware,Bot,Bot
Friday-02-03-2018_283.pcap,tcp_4424,tcp,4424,Bot,Malware,Bot,Bot
Friday-02-03-2018_284.pcap,tcp_3543,tcp,3543,Bot,Malware,Bot,Bot
Friday-02-03-2018_275.pcap,tcp_2862,tcp,2862,Bot,Malware,Bot,Bot
Friday-02-03-2018_279.pcap,tcp_15329,tcp,15329,Bot,Malware,Bot,Bot
Friday-02-03-2018_277.pcap,tcp_12551,tcp,12551,Bot,Malware,Bot,Bot
Friday-02-03-2018_273.pcap,tcp_1207,tcp,1207,Bot,Malware,Bot,Bot
Friday-02-03-2018_275.pcap,tcp_3699,tcp,3699,Bot,Malware,Bot,Bot
Friday-02-03-2018_279.pcap,tcp_2838,tcp,2838,Bot,Malware,Bot,Bot
Friday-02-03-2018_272.pcap,tcp_7169,tcp,7169,Bot,Malware,Bot,Bot
Friday-02-03-2018_275.pcap,tcp_13444,tcp,13444,Bot,Malware,Bot,Bot
Friday-02-03-2018_273.pcap,tcp_4964,tcp,4964,Bot,Malware,Bot,Bot
Friday-02-03-2018_269.pcap,tcp_20144,tcp,20144,Bot,Malware,Bot,Bot
Friday-02-03-2018_275.pcap,tcp_1640,tcp,1640,Bot,Malware,Bot,Bot
Friday-02-03-2018_284.pcap,tcp_3552,tcp,3552,Bot,Malware,Bot,Bot
Friday-02-03-2018_284.pcap,tcp_7083,tcp,7083,Bot,Malware,Bot,Bot
Friday-02-03-2018_283.pcap,tcp_5665,tcp,5665,Bot,Malware,Bot,Bot
Friday-02-03-2018_284.pcap,tcp_3658,tcp,3658,Bot,Malware,Bot,Bot
Friday-02-03-2018_269.pcap,tcp_18272,tcp,18272,Bot,Malware,Bot,Bot
Friday-02-03-2018_277.pcap,tcp_14711,tcp,14711,Bot,Malware,Bot,Bot
Friday-02-03-2018_272.pcap,tcp_4673,tcp,4673,Bot,Malware,Bot,Bot
Friday-02-03-2018_279.pcap,tcp_18811,tcp,18811,Bot,Malware,Bot,Bot
Friday-02-03-2018_272.pcap,tcp_2920,tcp,2920,Bot,Malware,Bot,Bot
Friday-02-03-2018_270.pcap,tcp_5739,tcp,5739,Bot,Malware,Bot,Bot
Friday-02-03-2018_281.pcap,tcp_15635,tcp,15635,Bot,Malware,Bot,Bot
Friday-02-03-2018_279.pcap,tcp_6414,tcp,6414,Bot,Malware,Bot,Bot
Friday-02-03-2018_277.pcap,tcp_14584,tcp,14584,Bot,Malware,Bot,Bot
Friday-02-03-2018_272.pcap,tcp_19801,tcp,19801,Bot,Malware,Bot,Bot
Friday-02-03-2018_273.pcap,tcp_3383,tcp,3383,Bot,Malware,Bot,Bot
Friday-02-03-2018_270.pcap,tcp_13155,tcp,13155,Bot,Malware,Bot,Bot
Friday-02-03-2018_270.pcap,tcp_12527,tcp,12527,Bot,Malware,Bot,Bot
Friday-02-03-2018_281.pcap,tcp_15924,tcp,15924,Bot,Malware,Bot,Bot
Friday-02-03-2018_270.pcap,tcp_16153,tcp,16153,Bot,Malware,Bot,Bot
Friday-02-03-2018_281.pcap,tcp_16357,tcp,16357,Bot,Malware,Bot,Bot
Friday-02-03-2018_277.pcap,tcp_12656,tcp,12656,Bot,Malware,Bot,Bot
Friday-02-03-2018_269.pcap,tcp_16826,tcp,16826,Bot,Malware,Bot,Bot
Friday-02-03-2018_281.pcap,tcp_2743,tcp,2743,Bot,Malware,Bot,Bot
Friday-02-03-2018_277.pcap,tcp_3374,tcp,3374,Bot,Malware,Bot,Bot
Friday-02-03-2018_281.pcap,tcp_16334,tcp,16334,Bot,Malware,Bot,Bot
Friday-02-03-2018_269.pcap,tcp_7425,tcp,7425,Bot,Malware,Bot,Bot
Friday-02-03-2018_277.pcap,tcp_3277,tcp,3277,Bot,Malware,Bot,Bot
Friday-02-03-2018_283.pcap,tcp_12860,tcp,12860,Bot,Malware,Bot,Bot
Friday-02-03-2018_269.pcap,tcp_2769,tcp,2769,Bot,Malware,Bot,Bot
Friday-02-03-2018_272.pcap,tcp_18686,tcp,18686,Bot,Malware,Bot,Bot
Friday-02-03-2018_277.pcap,tcp_13733,tcp,13733,Bot,Malware,Bot,Bot
Friday-02-03-2018_272.pcap,tcp_15733,tcp,15733,Bot,Malware,Bot,Bot
Friday-02-03-2018_269.pcap,tcp_4987,tcp,4987,Bot,Malware,Bot,Bot
Friday-02-03-2018_273.pcap,tcp_3454,tcp,3454,Bot,Malware,Bot,Bot
Friday-02-03-2018_284.pcap,tcp_19419,tcp,19419,Bot,Malware,Bot,Bot
Friday-02-03-2018_272.pcap,tcp_19471,tcp,19471,Bot,Malware,Bot,Bot
Friday-02-03-2018_270.pcap,tcp_3445,tcp,3445,Bot,Malware,Bot,Bot
Friday-02-03-2018_272.pcap,tcp_4757,tcp,4757,Bot,Malware,Bot,Bot
Friday-02-03-2018_279.pcap,tcp_3552,tcp,3552,Bot,Malware,Bot,Bot
Friday-02-03-2018_272.pcap,tcp_3523,tcp,3523,Bot,Malware,Bot,Bot
Friday-02-03-2018_277.pcap,tcp_4060,tcp,4060,Bot,Malware,Bot,Bot
Friday-02-03-2018_283.pcap,tcp_3604,tcp,3604,Bot,Malware,Bot,Bot
Friday-02-03-2018_284.pcap,tcp_14704,tcp,14704,Bot,Malware,Bot,Bot
Friday-02-03-2018_284.pcap,tcp_15751,tcp,15751,Bot,Malware,Bot,Bot
Friday-02-03-2018_275.pcap,tcp_4653,tcp,4653,Bot,Malware,Bot,Bot
Friday-02-03-2018_279.pcap,tcp_2761,tcp,2761,Bot,Malware,Bot,Bot
Friday-02-03-2018_275.pcap,tcp_14184,tcp,14184,Bot,Malware,Bot,Bot
Friday-02-03-2018_273.pcap,tcp_2542,tcp,2542,Bot,Malware,Bot,Bot
Friday-02-03-2018_279.pcap,tcp_5161,tcp,5161,Bot,Malware,Bot,Bot
Friday-02-03-2018_275.pcap,tcp_16406,tcp,16406,Bot,Malware,Bot,Bot
Friday-02-03-2018_275.pcap,tcp_13720,tcp,13720,Bot,Malware,Bot,Bot
Friday-02-03-2018_269.pcap,tcp_3151,tcp,3151,Bot,Malware,Bot,Bot
Friday-02-03-2018_273.pcap,tcp_2717,tcp,2717,Bot,Malware,Bot,Bot
Friday-02-03-2018_281.pcap,tcp_1303,tcp,1303,Bot,Malware,Bot,Bot
Friday-02-03-2018_277.pcap,tcp_13035,tcp,13035,Bot,Malware,Bot,Bot
Friday-02-03-2018_283.pcap,tcp_3784,tcp,3784,Bot,Malware,Bot,Bot
Friday-02-03-2018_279.pcap,tcp_16916,tcp,16916,Bot,Malware,Bot,Bot
Friday-02-03-2018_284.pcap,tcp_2484,tcp,2484,Bot,Malware,Bot,Bot
Friday-02-03-2018_269.pcap,tcp_2120,tcp,2120,Bot,Malware,Bot,Bot
Friday-02-03-2018_273.pcap,tcp_5268,tcp,5268,Bot,Malware,Bot,Bot
Friday-02-03-2018_272.pcap,tcp_2126,tcp,2126,Bot,Malware,Bot,Bot
Friday-02-03-2018_275.pcap,tcp_13273,tcp,13273,Bot,Malware,Bot,Bot
Friday-02-03-2018_272.pcap,tcp_17525,tcp,17525,Bot,Malware,Bot,Bot
Friday-02-03-2018_270.pcap,tcp_15633,tcp,15633,Bot,Malware,Bot,Bot
Friday-02-03-2018_277.pcap,tcp_15507,tcp,15507,Bot,Malware,Bot,Bot
Friday-02-03-2018_272.pcap,tcp_6694,tcp,6694,Bot,Malware,Bot,Bot
Friday-02-03-2018_277.pcap,tcp_16660,tcp,16660,Bot,Malware,Bot,Bot
Friday-02-03-2018_281.pcap,tcp_11839,tcp,11839,Bot,Malware,Bot,Bot
Friday-02-03-2018_284.pcap,tcp_3956,tcp,3956,Bot,Malware,Bot,Bot
Friday-02-03-2018_283.pcap,tcp_16040,tcp,16040,Bot,Malware,Bot,Bot
Friday-02-03-2018_270.pcap,tcp_13858,tcp,13858,Bot,Malware,Bot,Bot
Friday-02-03-2018_277.pcap,tcp_5177,tcp,5177,Bot,Malware,Bot,Bot
Friday-02-03-2018_272.pcap,tcp_20181,tcp,20181,Bot,Malware,Bot,Bot
Friday-02-03-2018_272.pcap,tcp_3846,tcp,3846,Bot,Malware,Bot,Bot
Friday-02-03-2018_269.pcap,tcp_5640,tcp,5640,Bot,Malware,Bot,Bot
Friday-02-03-2018_284.pcap,tcp_3784,tcp,3784,Bot,Malware,Bot,Bot
Friday-02-03-2018_283.pcap,tcp_15464,tcp,15464,Bot,Malware,Bot,Bot
Friday-02-03-2018_283.pcap,tcp_16600,tcp,16600,Bot,Malware,Bot,Bot
Friday-02-03-2018_272.pcap,tcp_15826,tcp,15826,Bot,Malware,Bot,Bot
Friday-02-03-2018_284.pcap,tcp_5619,tcp,5619,Bot,Malware,Bot,Bot
Friday-02-03-2018_281.pcap,tcp_12515,tcp,12515,Bot,Malware,Bot,Bot
Friday-02-03-2018_269.pcap,tcp_3913,tcp,3913,Bot,Malware,Bot,Bot
Friday-02-03-2018_269.pcap,tcp_17027,tcp,17027,Bot,Malware,Bot,Bot
Friday-02-03-2018_270.pcap,tcp_16869,tcp,16869,Bot,Malware,Bot,Bot
Friday-02-03-2018_279.pcap,tcp_6130,tcp,6130,Bot,Malware,Bot,Bot
Friday-02-03-2018_272.pcap,tcp_18305,tcp,18305,Bot,Malware,Bot,Bot
Friday-02-03-2018_275.pcap,tcp_15950,tcp,15950,Bot,Malware,Bot,Bot
Friday-02-03-2018_270.pcap,tcp_2481,tcp,2481,Bot,Malware,Bot,Bot
Friday-02-03-2018_284.pcap,tcp_20157,tcp,20157,Bot,Malware,Bot,Bot
Friday-02-03-2018_269.pcap,tcp_20892,tcp,20892,Bot,Malware,Bot,Bot
Friday-02-03-2018_269.pcap,tcp_16825,tcp,16825,Bot,Malware,Bot,Bot
Friday-02-03-2018_281.pcap,tcp_4092,tcp,4092,Bot,Malware,Bot,Bot
Friday-02-03-2018_284.pcap,tcp_4602,tcp,4602,Bot,Malware,Bot,Bot
Friday-02-03-2018_277.pcap,tcp_3901,tcp,3901,Bot,Malware,Bot,Bot
Friday-02-03-2018_283.pcap,tcp_12938,tcp,12938,Bot,Malware,Bot,Bot
Friday-02-03-2018_277.pcap,tcp_13294,tcp,13294,Bot,Malware,Bot,Bot
Friday-02-03-2018_275.pcap,tcp_2999,tcp,2999,Bot,Malware,Bot,Bot
Friday-02-03-2018_273.pcap,tcp_2070,tcp,2070,Bot,Malware,Bot,Bot
Friday-02-03-2018_272.pcap,tcp_5177,tcp,5177,Bot,Malware,Bot,Bot
Friday-02-03-2018_273.pcap,tcp_4857,tcp,4857,Bot,Malware,Bot,Bot
Friday-02-03-2018_281.pcap,tcp_2897,tcp,2897,Bot,Malware,Bot,Bot
Friday-02-03-2018_279.pcap,tcp_13880,tcp,13880,Bot,Malware,Bot,Bot
Friday-02-03-2018_281.pcap,tcp_14143,tcp,14143,Bot,Malware,Bot,Bot
Friday-02-03-2018_283.pcap,tcp_5856,tcp,5856,Bot,Malware,Bot,Bot
Friday-02-03-2018_283.pcap,tcp_3855,tcp,3855,Bot,Malware,Bot,Bot
Friday-02-03-2018_279.pcap,tcp_4176,tcp,4176,Bot,Malware,Bot,Bot
Friday-02-03-2018_284.pcap,tcp_18526,tcp,18526,Bot,Malware,Bot,Bot
Friday-02-03-2018_270.pcap,tcp_14520,tcp,14520,Bot,Malware,Bot,Bot
Friday-02-03-2018_284.pcap,tcp_20167,tcp,20167,Bot,Malware,Bot,Bot
Friday-02-03-2018_272.pcap,tcp_1636,tcp,1636,Bot,Malware,Bot,Bot
Friday-02-03-2018_279.pcap,tcp_14177,tcp,14177,Bot,Malware,Bot,Bot
Friday-02-03-2018_279.pcap,tcp_6141,tcp,6141,Bot,Malware,Bot,Bot
Friday-02-03-2018_283.pcap,tcp_15087,tcp,15087,Bot,Malware,Bot,Bot
Friday-02-03-2018_281.pcap,tcp_521,tcp,521,Bot,Malware,Bot,Bot
Friday-02-03-2018_284.pcap,tcp_4239,tcp,4239,Bot,Malware,Bot,Bot
Friday-02-03-2018_284.pcap,tcp_5515,tcp,5515,Bot,Malware,Bot,Bot
Friday-02-03-2018_270.pcap,tcp_1824,tcp,1824,Bot,Malware,Bot,Bot
Friday-02-03-2018_270.pcap,tcp_16839,tcp,16839,Bot,Malware,Bot,Bot
Friday-02-03-2018_277.pcap,tcp_14561,tcp,14561,Bot,Malware,Bot,Bot
Friday-02-03-2018_269.pcap,tcp_7689,tcp,7689,Bot,Malware,Bot,Bot
Friday-02-03-2018_275.pcap,tcp_14405,tcp,14405,Bot,Malware,Bot,Bot
Friday-02-03-2018_275.pcap,tcp_12429,tcp,12429,Bot,Malware,Bot,Bot
Friday-02-03-2018_275.pcap,tcp_1140,tcp,1140,Bot,Malware,Bot,Bot
Friday-02-03-2018_272.pcap,tcp_5747,tcp,5747,Bot,Malware,Bot,Bot
Friday-02-03-2018_269.pcap,tcp_7113,tcp,7113,Bot,Malware,Bot,Bot
Friday-02-03-2018_277.pcap,tcp_2520,tcp,2520,Bot,Malware,Bot,Bot
Friday-02-03-2018_273.pcap,tcp_5778,tcp,5778,Bot,Malware,Bot,Bot
Friday-02-03-2018_273.pcap,tcp_2001,tcp,2001,Bot,Malware,Bot,Bot
Friday-02-03-2018_281.pcap,tcp_4378,tcp,4378,Bot,Malware,Bot,Bot
Friday-02-03-2018_277.pcap,tcp_16856,tcp,16856,Bot,Malware,Bot,Bot
Friday-02-03-2018_270.pcap,tcp_16500,tcp,16500,Bot,Malware,Bot,Bot
Friday-02-03-2018_279.pcap,tcp_4152,tcp,4152,Bot,Malware,Bot,Bot
Friday-02-03-2018_284.pcap,tcp_3398,tcp,3398,Bot,Malware,Bot,Bot
Friday-02-03-2018_281.pcap,tcp_2241,tcp,2241,Bot,Malware,Bot,Bot
Friday-02-03-2018_281.pcap,tcp_13900,tcp,13900,Bot,Malware,Bot,Bot
Friday-02-03-2018_272.pcap,tcp_14761,tcp,14761,Bot,Malware,Bot,Bot
Friday-02-03-2018_269.pcap,tcp_18992,tcp,18992,Bot,Malware,Bot,Bot
Friday-02-03-2018_270.pcap,tcp_12585,tcp,12585,Bot,Malware,Bot,Bot
Friday-02-03-2018_277.pcap,tcp_14579,tcp,14579,Bot,Malware,Bot,Bot
Friday-02-03-2018_270.pcap,tcp_17684,tcp,17684,Bot,Malware,Bot,Bot
Friday-02-03-2018_277.pcap,tcp_2839,tcp,2839,Bot,Malware,Bot,Bot
Friday-02-03-2018_272.pcap,tcp_2009,tcp,2009,Bot,Malware,Bot,Bot
Friday-02-03-2018_269.pcap,tcp_18545,tcp,18545,Bot,Malware,Bot,Bot
Friday-02-03-2018_270.pcap,tcp_12249,tcp,12249,Bot,Malware,Bot,Bot
Friday-02-03-2018_277.pcap,tcp_1410,tcp,1410,Bot,Malware,Bot,Bot
Friday-02-03-2018_283.pcap,tcp_13021,tcp,13021,Bot,Malware,Bot,Bot
Friday-02-03-2018_269.pcap,tcp_5220,tcp,5220,Bot,Malware,Bot,Bot
Friday-02-03-2018_273.pcap,tcp_4510,tcp,4510,Bot,Malware,Bot,Bot
Friday-02-03-2018_281.pcap,tcp_4495,tcp,4495,Bot,Malware,Bot,Bot
Friday-02-03-2018_269.pcap,tcp_6196,tcp,6196,Bot,Malware,Bot,Bot
Friday-02-03-2018_281.pcap,tcp_15712,tcp,15712,Bot,Malware,Bot,Bot
Friday-02-03-2018_269.pcap,tcp_5610,tcp,5610,Bot,Malware,Bot,Bot
Friday-02-03-2018_275.pcap,tcp_16240,tcp,16240,Bot,Malware,Bot,Bot
Friday-02-03-2018_284.pcap,tcp_7139,tcp,7139,Bot,Malware,Bot,Bot
Friday-02-03-2018_284.pcap,tcp_7297,tcp,7297,Bot,Malware,Bot,Bot
Friday-02-03-2018_281.pcap,tcp_2350,tcp,2350,Bot,Malware,Bot,Bot
Friday-02-03-2018_281.pcap,tcp_13025,tcp,13025,Bot,Malware,Bot,Bot
Friday-02-03-2018_270.pcap,tcp_17323,tcp,17323,Bot,Malware,Bot,Bot
Friday-02-03-2018_284.pcap,tcp_7099,tcp,7099,Bot,Malware,Bot,Bot
Friday-02-03-2018_272.pcap,tcp_5099,tcp,5099,Bot,Malware,Bot,Bot
Friday-02-03-2018_270.pcap,tcp_3980,tcp,3980,Bot,Malware,Bot,Bot
Friday-02-03-2018_272.pcap,tcp_3667,tcp,3667,Bot,Malware,Bot,Bot
Friday-02-03-2018_272.pcap,tcp_18468,tcp,18468,Bot,Malware,Bot,Bot
Friday-02-03-2018_277.pcap,tcp_17490,tcp,17490,Bot,Malware,Bot,Bot
Friday-02-03-2018_275.pcap,tcp_4933,tcp,4933,Bot,Malware,Bot,Bot
Friday-02-03-2018_284.pcap,tcp_19480,tcp,19480,Bot,Malware,Bot,Bot
Friday-02-03-2018_269.pcap,tcp_19976,tcp,19976,Bot,Malware,Bot,Bot
Friday-02-03-2018_279.pcap,tcp_19415,tcp,19415,Bot,Malware,Bot,Bot
Friday-02-03-2018_277.pcap,tcp_4386,tcp,4386,Bot,Malware,Bot,Bot
Friday-02-03-2018_284.pcap,tcp_18413,tcp,18413,Bot,Malware,Bot,Bot
Friday-02-03-2018_269.pcap,tcp_6679,tcp,6679,Bot,Malware,Bot,Bot
Friday-02-03-2018_273.pcap,tcp_4232,tcp,4232,Bot,Malware,Bot,Bot
Friday-02-03-2018_270.pcap,tcp_5483,tcp,5483,Bot,Malware,Bot,Bot
Friday-02-03-2018_279.pcap,tcp_3211,tcp,3211,Bot,Malware,Bot,Bot
Friday-02-03-2018_281.pcap,tcp_1242,tcp,1242,Bot,Malware,Bot,Bot
Friday-02-03-2018_269.pcap,tcp_4618,tcp,4618,Bot,Malware,Bot,Bot
Friday-02-03-2018_272.pcap,tcp_18788,tcp,18788,Bot,Malware,Bot,Bot
Friday-02-03-2018_273.pcap,tcp_2615,tcp,2615,Bot,Malware,Bot,Bot
Friday-02-03-2018_273.pcap,tcp_2760,tcp,2760,Bot,Malware,Bot,Bot
Friday-02-03-2018_284.pcap,tcp_17182,tcp,17182,Bot,Malware,Bot,Bot
Friday-02-03-2018_269.pcap,tcp_18660,tcp,18660,Bot,Malware,Bot,Bot
Friday-02-03-2018_269.pcap,tcp_15468,tcp,15468,Bot,Malware,Bot,Bot
Friday-02-03-2018_272.pcap,tcp_19194,tcp,19194,Bot,Malware,Bot,Bot
Friday-02-03-2018_277.pcap,tcp_15054,tcp,15054,Bot,Malware,Bot,Bot
Friday-02-03-2018_270.pcap,tcp_4923,tcp,4923,Bot,Malware,Bot,Bot
Friday-02-03-2018_281.pcap,tcp_13137,tcp,13137,Bot,Malware,Bot,Bot
Friday-02-03-2018_281.pcap,tcp_3241,tcp,3241,Bot,Malware,Bot,Bot
Friday-02-03-2018_284.pcap,tcp_19957,tcp,19957,Bot,Malware,Bot,Bot
Friday-02-03-2018_269.pcap,tcp_20959,tcp,20959,Bot,Malware,Bot,Bot
Friday-02-03-2018_275.pcap,tcp_2153,tcp,2153,Bot,Malware,Bot,Bot
Friday-02-03-2018_283.pcap,tcp_13690,tcp,13690,Bot,Malware,Bot,Bot
Friday-02-03-2018_273.pcap,tcp_2598,tcp,2598,Bot,Malware,Bot,Bot
Friday-02-03-2018_272.pcap,tcp_6209,tcp,6209,Bot,Malware,Bot,Bot
Friday-02-03-2018_284.pcap,tcp_5845,tcp,5845,Bot,Malware,Bot,Bot
Friday-02-03-2018_272.pcap,tcp_19725,tcp,19725,Bot,Malware,Bot,Bot
Friday-02-03-2018_269.pcap,tcp_2011,tcp,2011,Bot,Malware,Bot,Bot
Friday-02-03-2018_283.pcap,tcp_15062,tcp,15062,Bot,Malware,Bot,Bot
Friday-02-03-2018_270.pcap,tcp_12967,tcp,12967,Bot,Malware,Bot,Bot
Friday-02-03-2018_279.pcap,tcp_3642,tcp,3642,Bot,Malware,Bot,Bot
Friday-02-03-2018_269.pcap,tcp_18071,tcp,18071,Bot,Malware,Bot,Bot
Friday-02-03-2018_275.pcap,tcp_17173,tcp,17173,Bot,Malware,Bot,Bot
Friday-02-03-2018_279.pcap,tcp_15112,tcp,15112,Bot,Malware,Bot,Bot
Friday-02-03-2018_269.pcap,tcp_15865,tcp,15865,Bot,Malware,Bot,Bot
Friday-02-03-2018_275.pcap,tcp_14109,tcp,14109,Bot,Malware,Bot,Bot
Friday-02-03-2018_277.pcap,tcp_13884,tcp,13884,Bot,Malware,Bot,Bot
Friday-02-03-2018_272.pcap,tcp_6753,tcp,6753,Bot,Malware,Bot,Bot
Friday-02-03-2018_270.pcap,tcp_14562,tcp,14562,Bot,Malware,Bot,Bot
Friday-02-03-2018_269.pcap,tcp_5373,tcp,5373,Bot,Malware,Bot,Bot
Friday-02-03-2018_284.pcap,tcp_19955,tcp,19955,Bot,Malware,Bot,Bot
Friday-02-03-2018_272.pcap,tcp_2354,tcp,2354,Bot,Malware,Bot,Bot
Friday-02-03-2018_277.pcap,tcp_1610,tcp,1610,Bot,Malware,Bot,Bot
Friday-02-03-2018_279.pcap,tcp_15225,tcp,15225,Bot,Malware,Bot,Bot
Friday-02-03-2018_272.pcap,tcp_18529,tcp,18529,Bot,Malware,Bot,Bot
Friday-02-03-2018_275.pcap,tcp_4632,tcp,4632,Bot,Malware,Bot,Bot
Friday-02-03-2018_279.pcap,tcp_3446,tcp,3446,Bot,Malware,Bot,Bot
Friday-02-03-2018_281.pcap,tcp_12676,tcp,12676,Bot,Malware,Bot,Bot
Friday-02-03-2018_269.pcap,tcp_5546,tcp,5546,Bot,Malware,Bot,Bot
Friday-02-03-2018_283.pcap,tcp_5819,tcp,5819,Bot,Malware,Bot,Bot
Friday-02-03-2018_275.pcap,tcp_13671,tcp,13671,Bot,Malware,Bot,Bot
Friday-02-03-2018_284.pcap,tcp_2325,tcp,2325,Bot,Malware,Bot,Bot
Friday-02-03-2018_281.pcap,tcp_440,tcp,440,Bot,Malware,Bot,Bot
Friday-02-03-2018_283.pcap,tcp_4698,tcp,4698,Bot,Malware,Bot,Bot
Friday-02-03-2018_272.pcap,tcp_5732,tcp,5732,Bot,Malware,Bot,Bot
Friday-02-03-2018_283.pcap,tcp_5602,tcp,5602,Bot,Malware,Bot,Bot
Friday-02-03-2018_279.pcap,tcp_16156,tcp,16156,Bot,Malware,Bot,Bot
Friday-02-03-2018_279.pcap,tcp_17947,tcp,17947,Bot,Malware,Bot,Bot
Friday-02-03-2018_277.pcap,tcp_2112,tcp,2112,Bot,Malware,Bot,Bot
Friday-02-03-2018_273.pcap,tcp_3584,tcp,3584,Bot,Malware,Bot,Bot
Friday-02-03-2018_284.pcap,tcp_7016,tcp,7016,Bot,Malware,Bot,Bot
Friday-02-03-2018_283.pcap,tcp_18071,tcp,18071,Bot,Malware,Bot,Bot
Friday-02-03-2018_277.pcap,tcp_15307,tcp,15307,Bot,Malware,Bot,Bot
Friday-02-03-2018_284.pcap,tcp_15009,tcp,15009,Bot,Malware,Bot,Bot
Friday-02-03-2018_279.pcap,tcp_6323,tcp,6323,Bot,Malware,Bot,Bot
Friday-02-03-2018_281.pcap,tcp_3122,tcp,3122,Bot,Malware,Bot,Bot
Friday-02-03-2018_272.pcap,tcp_4923,tcp,4923,Bot,Malware,Bot,Bot
Friday-02-03-2018_284.pcap,tcp_7067,tcp,7067,Bot,Malware,Bot,Bot
Friday-02-03-2018_277.pcap,tcp_17193,tcp,17193,Bot,Malware,Bot,Bot
Friday-02-03-2018_284.pcap,tcp_20184,tcp,20184,Bot,Malware,Bot,Bot
Friday-02-03-2018_275.pcap,tcp_13188,tcp,13188,Bot,Malware,Bot,Bot
Friday-02-03-2018_284.pcap,tcp_18317,tcp,18317,Bot,Malware,Bot,Bot
Friday-02-03-2018_273.pcap,tcp_2816,tcp,2816,Bot,Malware,Bot,Bot
Friday-02-03-2018_277.pcap,tcp_1880,tcp,1880,Bot,Malware,Bot,Bot
Friday-02-03-2018_270.pcap,tcp_3450,tcp,3450,Bot,Malware,Bot,Bot
Friday-02-03-2018_275.pcap,tcp_4035,tcp,4035,Bot,Malware,Bot,Bot
Friday-02-03-2018_270.pcap,tcp_2464,tcp,2464,Bot,Malware,Bot,Bot
Friday-02-03-2018_275.pcap,tcp_16812,tcp,16812,Bot,Malware,Bot,Bot
Friday-02-03-2018_270.pcap,tcp_1906,tcp,1906,Bot,Malware,Bot,Bot
Friday-02-03-2018_284.pcap,tcp_5888,tcp,5888,Bot,Malware,Bot,Bot
Friday-02-03-2018_281.pcap,tcp_14380,tcp,14380,Bot,Malware,Bot,Bot
Friday-02-03-2018_279.pcap,tcp_17467,tcp,17467,Bot,Malware,Bot,Bot
Friday-02-03-2018_279.pcap,tcp_18059,tcp,18059,Bot,Malware,Bot,Bot
Friday-02-03-2018_273.pcap,tcp_2711,tcp,2711,Bot,Malware,Bot,Bot
Friday-02-03-2018_283.pcap,tcp_13850,tcp,13850,Bot,Malware,Bot,Bot
Friday-02-03-2018_270.pcap,tcp_3054,tcp,3054,Bot,Malware,Bot,Bot
Friday-02-03-2018_281.pcap,tcp_3284,tcp,3284,Bot,Malware,Bot,Bot
Friday-02-03-2018_283.pcap,tcp_17514,tcp,17514,Bot,Malware,Bot,Bot
Friday-02-03-2018_279.pcap,tcp_18260,tcp,18260,Bot,Malware,Bot,Bot
Friday-02-03-2018_272.pcap,tcp_16104,tcp,16104,Bot,Malware,Bot,Bot
Friday-02-03-2018_275.pcap,tcp_12668,tcp,12668,Bot,Malware,Bot,Bot
Friday-02-03-2018_269.pcap,tcp_7133,tcp,7133,Bot,Malware,Bot,Bot
Friday-02-03-2018_273.pcap,tcp_5845,tcp,5845,Bot,Malware,Bot,Bot
Friday-02-03-2018_284.pcap,tcp_1647,tcp,1647,Bot,Malware,Bot,Bot
Friday-02-03-2018_279.pcap,tcp_15054,tcp,15054,Bot,Malware,Bot,Bot
Friday-02-03-2018_270.pcap,tcp_16689,tcp,16689,Bot,Malware,Bot,Bot
Friday-02-03-2018_284.pcap,tcp_19615,tcp,19615,Bot,Malware,Bot,Bot
Friday-02-03-2018_284.pcap,tcp_15465,tcp,15465,Bot,Malware,Bot,Bot
Friday-02-03-2018_281.pcap,tcp_15990,tcp,15990,Bot,Malware,Bot,Bot
Friday-02-03-2018_283.pcap,tcp_13342,tcp,13342,Bot,Malware,Bot,Bot
Friday-02-03-2018_272.pcap,tcp_4553,tcp,4553,Bot,Malware,Bot,Bot
Friday-02-03-2018_269.pcap,tcp_17905,tcp,17905,Bot,Malware,Bot,Bot
Friday-02-03-2018_277.pcap,tcp_3574,tcp,3574,Bot,Malware,Bot,Bot
Friday-02-03-2018_281.pcap,tcp_1773,tcp,1773,Bot,Malware,Bot,Bot
Friday-02-03-2018_279.pcap,tcp_6308,tcp,6308,Bot,Malware,Bot,Bot
Friday-02-03-2018_279.pcap,tcp_4896,tcp,4896,Bot,Malware,Bot,Bot
Friday-02-03-2018_277.pcap,tcp_2966,tcp,2966,Bot,Malware,Bot,Bot
Friday-02-03-2018_279.pcap,tcp_3356,tcp,3356,Bot,Malware,Bot,Bot
Friday-02-03-2018_279.pcap,tcp_19190,tcp,19190,Bot,Malware,Bot,Bot
Friday-02-03-2018_284.pcap,tcp_17649,tcp,17649,Bot,Malware,Bot,Bot
Friday-02-03-2018_272.pcap,tcp_3456,tcp,3456,Bot,Malware,Bot,Bot
Friday-02-03-2018_284.pcap,tcp_6640,tcp,6640,Bot,Malware,Bot,Bot
Friday-02-03-2018_272.pcap,tcp_14599,tcp,14599,Bot,Malware,Bot,Bot
Friday-02-03-2018_275.pcap,tcp_3547,tcp,3547,Bot,Malware,Bot,Bot
Friday-02-03-2018_270.pcap,tcp_4491,tcp,4491,Bot,Malware,Bot,Bot
Friday-02-03-2018_269.pcap,tcp_7335,tcp,7335,Bot,Malware,Bot,Bot
Friday-02-03-2018_284.pcap,tcp_2738,tcp,2738,Bot,Malware,Bot,Bot
Friday-02-03-2018_269.pcap,tcp_5281,tcp,5281,Bot,Malware,Bot,Bot
Friday-02-03-2018_279.pcap,tcp_14459,tcp,14459,Bot,Malware,Bot,Bot
Friday-02-03-2018_270.pcap,tcp_1846,tcp,1846,Bot,Malware,Bot,Bot
Friday-02-03-2018_272.pcap,tcp_4112,tcp,4112,Bot,Malware,Bot,Bot
Friday-02-03-2018_281.pcap,tcp_4233,tcp,4233,Bot,Malware,Bot,Bot
Friday-02-03-2018_275.pcap,tcp_15958,tcp,15958,Bot,Malware,Bot,Bot
Friday-02-03-2018_283.pcap,tcp_16391,tcp,16391,Bot,Malware,Bot,Bot
Friday-02-03-2018_277.pcap,tcp_5256,tcp,5256,Bot,Malware,Bot,Bot
Friday-02-03-2018_279.pcap,tcp_5720,tcp,5720,Bot,Malware,Bot,Bot
Friday-02-03-2018_272.pcap,tcp_2473,tcp,2473,Bot,Malware,Bot,Bot
Friday-02-03-2018_284.pcap,tcp_5562,tcp,5562,Bot,Malware,Bot,Bot
Friday-02-03-2018_279.pcap,tcp_2094,tcp,2094,Bot,Malware,Bot,Bot
Friday-02-03-2018_269.pcap,tcp_17681,tcp,17681,Bot,Malware,Bot,Bot
Friday-02-03-2018_272.pcap,tcp_16767,tcp,16767,Bot,Malware,Bot,Bot
Friday-02-03-2018_270.pcap,tcp_3768,tcp,3768,Bot,Malware,Bot,Bot
Friday-02-03-2018_272.pcap,tcp_17201,tcp,17201,Bot,Malware,Bot,Bot
Friday-02-03-2018_279.pcap,tcp_16727,tcp,16727,Bot,Malware,Bot,Bot
Friday-02-03-2018_273.pcap,tcp_4940,tcp,4940,Bot,Malware,Bot,Bot
Friday-02-03-2018_281.pcap,tcp_15797,tcp,15797,Bot,Malware,Bot,Bot
Friday-02-03-2018_277.pcap,tcp_12502,tcp,12502,Bot,Malware,Bot,Bot
Friday-02-03-2018_269.pcap,tcp_17963,tcp,17963,Bot,Malware,Bot,Bot
Friday-02-03-2018_283.pcap,tcp_3833,tcp,3833,Bot,Malware,Bot,Bot
Friday-02-03-2018_272.pcap,tcp_14911,tcp,14911,Bot,Malware,Bot,Bot
Friday-02-03-2018_270.pcap,tcp_15712,tcp,15712,Bot,Malware,Bot,Bot
Friday-02-03-2018_270.pcap,tcp_13440,tcp,13440,Bot,Malware,Bot,Bot
Friday-02-03-2018_283.pcap,tcp_14091,tcp,14091,Bot,Malware,Bot,Bot
Friday-02-03-2018_284.pcap,tcp_3377,tcp,3377,Bot,Malware,Bot,Bot
Friday-02-03-2018_275.pcap,tcp_15046,tcp,15046,Bot,Malware,Bot,Bot
Friday-02-03-2018_275.pcap,tcp_14502,tcp,14502,Bot,Malware,Bot,Bot
Friday-02-03-2018_284.pcap,tcp_5424,tcp,5424,Bot,Malware,Bot,Bot
Friday-02-03-2018_277.pcap,tcp_14365,tcp,14365,Bot,Malware,Bot,Bot
Friday-02-03-2018_269.pcap,tcp_6922,tcp,6922,Bot,Malware,Bot,Bot
Friday-02-03-2018_269.pcap,tcp_19685,tcp,19685,Bot,Malware,Bot,Bot
Friday-02-03-2018_272.pcap,tcp_1655,tcp,1655,Bot,Malware,Bot,Bot
Friday-02-03-2018_277.pcap,tcp_12767,tcp,12767,Bot,Malware,Bot,Bot
Friday-02-03-2018_279.pcap,tcp_3021,tcp,3021,Bot,Malware,Bot,Bot
Friday-02-03-2018_273.pcap,tcp_4306,tcp,4306,Bot,Malware,Bot,Bot
Friday-02-03-2018_279.pcap,tcp_4447,tcp,4447,Bot,Malware,Bot,Bot
Friday-02-03-2018_279.pcap,tcp_4765,tcp,4765,Bot,Malware,Bot,Bot
Friday-02-03-2018_277.pcap,tcp_15729,tcp,15729,Bot,Malware,Bot,Bot
Friday-02-03-2018_272.pcap,tcp_3585,tcp,3585,Bot,Malware,Bot,Bot
Friday-02-03-2018_269.pcap,tcp_3203,tcp,3203,Bot,Malware,Bot,Bot
Friday-02-03-2018_283.pcap,tcp_4052,tcp,4052,Bot,Malware,Bot,Bot
Friday-02-03-2018_270.pcap,tcp_12043,tcp,12043,Bot,Malware,Bot,Bot
Friday-02-03-2018_269.pcap,tcp_18280,tcp,18280,Bot,Malware,Bot,Bot
Friday-02-03-2018_283.pcap,tcp_17212,tcp,17212,Bot,Malware,Bot,Bot
Friday-02-03-2018_284.pcap,tcp_18268,tcp,18268,Bot,Malware,Bot,Bot
Friday-02-03-2018_279.pcap,tcp_6401,tcp,6401,Bot,Malware,Bot,Bot
Friday-02-03-2018_277.pcap,tcp_13487,tcp,13487,Bot,Malware,Bot,Bot
Friday-02-03-2018_279.pcap,tcp_3115,tcp,3115,Bot,Malware,Bot,Bot
Friday-02-03-2018_269.pcap,tcp_2301,tcp,2301,Bot,Malware,Bot,Bot
Friday-02-03-2018_270.pcap,tcp_2026,tcp,2026,Bot,Malware,Bot,Bot
Friday-02-03-2018_269.pcap,tcp_7124,tcp,7124,Bot,Malware,Bot,Bot
Friday-02-03-2018_272.pcap,tcp_18098,tcp,18098,Bot,Malware,Bot,Bot
Friday-02-03-2018_283.pcap,tcp_3595,tcp,3595,Bot,Malware,Bot,Bot
Friday-02-03-2018_272.pcap,tcp_6683,tcp,6683,Bot,Malware,Bot,Bot
Friday-02-03-2018_272.pcap,tcp_18163,tcp,18163,Bot,Malware,Bot,Bot
Friday-02-03-2018_273.pcap,tcp_2109,tcp,2109,Bot,Malware,Bot,Bot
Friday-02-03-2018_270.pcap,tcp_3498,tcp,3498,Bot,Malware,Bot,Bot
Friday-02-03-2018_284.pcap,tcp_18388,tcp,18388,Bot,Malware,Bot,Bot
Friday-02-03-2018_279.pcap,tcp_16422,tcp,16422,Bot,Malware,Bot,Bot
Friday-02-03-2018_284.pcap,tcp_19225,tcp,19225,Bot,Malware,Bot,Bot
Friday-02-03-2018_277.pcap,tcp_4316,tcp,4316,Bot,Malware,Bot,Bot
Friday-02-03-2018_284.pcap,tcp_6398,tcp,6398,Bot,Malware,Bot,Bot
Friday-02-03-2018_272.pcap,tcp_7182,tcp,7182,Bot,Malware,Bot,Bot
Friday-02-03-2018_281.pcap,tcp_14899,tcp,14899,Bot,Malware,Bot,Bot
Friday-02-03-2018_270.pcap,tcp_16893,tcp,16893,Bot,Malware,Bot,Bot
Friday-02-03-2018_281.pcap,tcp_14507,tcp,14507,Bot,Malware,Bot,Bot
Friday-02-03-2018_284.pcap,tcp_18235,tcp,18235,Bot,Malware,Bot,Bot
Friday-02-03-2018_281.pcap,tcp_14621,tcp,14621,Bot,Malware,Bot,Bot
Friday-02-03-2018_284.pcap,tcp_16889,tcp,16889,Bot,Malware,Bot,Bot
Friday-02-03-2018_269.pcap,tcp_7028,tcp,7028,Bot,Malware,Bot,Bot
Friday-02-03-2018_270.pcap,tcp_5675,tcp,5675,Bot,Malware,Bot,Bot
Friday-02-03-2018_275.pcap,tcp_15398,tcp,15398,Bot,Malware,Bot,Bot
Friday-02-03-2018_275.pcap,tcp_15946,tcp,15946,Bot,Malware,Bot,Bot
Friday-02-03-2018_273.pcap,tcp_5811,tcp,5811,Bot,Malware,Bot,Bot
Friday-02-03-2018_279.pcap,tcp_4191,tcp,4191,Bot,Malware,Bot,Bot
Friday-02-03-2018_281.pcap,tcp_3991,tcp,3991,Bot,Malware,Bot,Bot
Friday-02-03-2018_277.pcap,tcp_16209,tcp,16209,Bot,Malware,Bot,Bot
Friday-02-03-2018_275.pcap,tcp_3987,tcp,3987,Bot,Malware,Bot,Bot
Friday-02-03-2018_269.pcap,tcp_4029,tcp,4029,Bot,Malware,Bot,Bot
Friday-02-03-2018_284.pcap,tcp_6486,tcp,6486,Bot,Malware,Bot,Bot
Friday-02-03-2018_277.pcap,tcp_14955,tcp,14955,Bot,Malware,Bot,Bot
Friday-02-03-2018_269.pcap,tcp_21798,tcp,21798,Bot,Malware,Bot,Bot
Friday-02-03-2018_269.pcap,tcp_21773,tcp,21773,Bot,Malware,Bot,Bot
Friday-02-03-2018_270.pcap,tcp_17776,tcp,17776,Bot,Malware,Bot,Bot
Friday-02-03-2018_277.pcap,tcp_17654,tcp,17654,Bot,Malware,Bot,Bot
Friday-02-03-2018_270.pcap,tcp_17777,tcp,17777,Bot,Malware,Bot,Bot
Friday-02-03-2018_269.pcap,tcp_21800,tcp,21800,Bot,Malware,Bot,Bot
Friday-02-03-2018_275.pcap,tcp_17348,tcp,17348,Bot,Malware,Bot,Bot
Friday-02-03-2018_270.pcap,tcp_17779,tcp,17779,Bot,Malware,Bot,Bot
Friday-02-03-2018_275.pcap,tcp_17344,tcp,17344,Bot,Malware,Bot,Bot
Friday-02-03-2018_277.pcap,tcp_17644,tcp,17644,Bot,Malware,Bot,Bot
Friday-02-03-2018_270.pcap,tcp_17788,tcp,17788,Bot,Malware,Bot,Bot
Friday-02-03-2018_269.pcap,tcp_21811,tcp,21811,Bot,Malware,Bot,Bot
Friday-02-03-2018_272.pcap,tcp_20725,tcp,20725,Bot,Malware,Bot,Bot
Friday-02-03-2018_270.pcap,tcp_17792,tcp,17792,Bot,Malware,Bot,Bot
Friday-02-03-2018_277.pcap,tcp_17651,tcp,17651,Bot,Malware,Bot,Bot
Friday-02-03-2018_272.pcap,tcp_20748,tcp,20748,Bot,Malware,Bot,Bot
Friday-02-03-2018_269.pcap,tcp_21791,tcp,21791,Bot,Malware,Bot,Bot
Friday-02-03-2018_275.pcap,tcp_17372,tcp,17372,Bot,Malware,Bot,Bot
Friday-02-03-2018_275.pcap,tcp_17347,tcp,17347,Bot,Malware,Bot,Bot
Friday-02-03-2018_275.pcap,tcp_17352,tcp,17352,Bot,Malware,Bot,Bot
Friday-02-03-2018_277.pcap,tcp_17640,tcp,17640,Bot,Malware,Bot,Bot
Friday-02-03-2018_269.pcap,tcp_21808,tcp,21808,Bot,Malware,Bot,Bot
Friday-02-03-2018_269.pcap,tcp_21780,tcp,21780,Bot,Malware,Bot,Bot
Friday-02-03-2018_272.pcap,tcp_20753,tcp,20753,Bot,Malware,Bot,Bot
Friday-02-03-2018_277.pcap,tcp_17645,tcp,17645,Bot,Malware,Bot,Bot
Friday-02-03-2018_269.pcap,tcp_21810,tcp,21810,Bot,Malware,Bot,Bot
Friday-02-03-2018_275.pcap,tcp_17362,tcp,17362,Bot,Malware,Bot,Bot
Friday-02-03-2018_270.pcap,tcp_17796,tcp,17796,Bot,Malware,Bot,Bot
Friday-02-03-2018_272.pcap,tcp_20732,tcp,20732,Bot,Malware,Bot,Bot
Friday-02-03-2018_270.pcap,tcp_17785,tcp,17785,Bot,Malware,Bot,Bot
Friday-02-03-2018_273.pcap,tcp_8561,tcp,8561,Bot,Malware,Bot,Bot
Friday-02-03-2018_277.pcap,tcp_17648,tcp,17648,Bot,Malware,Bot,Bot
Friday-02-03-2018_272.pcap,tcp_20742,tcp,20742,Bot,Malware,Bot,Bot
Friday-02-03-2018_277.pcap,tcp_17653,tcp,17653,Bot,Malware,Bot,Bot
Friday-02-03-2018_272.pcap,tcp_20754,tcp,20754,Bot,Malware,Bot,Bot
Friday-02-03-2018_270.pcap,tcp_17798,tcp,17798,Bot,Malware,Bot,Bot
Friday-02-03-2018_275.pcap,tcp_17354,tcp,17354,Bot,Malware,Bot,Bot
Friday-02-03-2018_275.pcap,tcp_17342,tcp,17342,Bot,Malware,Bot,Bot
Friday-02-03-2018_275.pcap,tcp_17364,tcp,17364,Bot,Malware,Bot,Bot
Friday-02-03-2018_277.pcap,tcp_17655,tcp,17655,Bot,Malware,Bot,Bot
Friday-02-03-2018_269.pcap,tcp_21804,tcp,21804,Bot,Malware,Bot,Bot
Friday-23-02-2018_446.pcap,tcp_1018,tcp,1018,Sql-Injection,Malware,Web-Attack,Sql-Injection
Friday-23-02-2018_446.pcap,tcp_1054,tcp,1054,Sql-Injection,Malware,Web-Attack,Sql-Injection
Friday-23-02-2018_446.pcap,tcp_1063,tcp,1063,Sql-Injection,Malware,Web-Attack,Sql-Injection
Friday-23-02-2018_446.pcap,tcp_1069,tcp,1069,Sql-Injection,Malware,Web-Attack,Sql-Injection
Thursday-22-02-2018_447.pcap,tcp_1301,tcp,1301,Sql-Injection,Malware,Web-Attack,Sql-Injection
Friday-23-02-2018_446.pcap,tcp_1071,tcp,1071,Sql-Injection,Malware,Web-Attack,Sql-Injection
Friday-23-02-2018_446.pcap,tcp_1014,tcp,1014,Sql-Injection,Malware,Web-Attack,Sql-Injection
Friday-23-02-2018_446.pcap,tcp_1009,tcp,1009,Sql-Injection,Malware,Web-Attack,Sql-Injection
Friday-23-02-2018_446.pcap,tcp_1059,tcp,1059,Sql-Injection,Malware,Web-Attack,Sql-Injection
Friday-23-02-2018_446.pcap,tcp_1042,tcp,1042,Sql-Injection,Malware,Web-Attack,Sql-Injection
Thursday-22-02-2018_447.pcap,tcp_1332,tcp,1332,Sql-Injection,Malware,Web-Attack,Sql-Injection
Thursday-22-02-2018_447.pcap,tcp_1307,tcp,1307,Sql-Injection,Malware,Web-Attack,Sql-Injection
Friday-23-02-2018_446.pcap,tcp_1065,tcp,1065,Sql-Injection,Malware,Web-Attack,Sql-Injection
Friday-23-02-2018_446.pcap,tcp_1057,tcp,1057,Sql-Injection,Malware,Web-Attack,Sql-Injection
Friday-23-02-2018_446.pcap,tcp_1056,tcp,1056,Sql-Injection,Malware,Web-Attack,Sql-Injection
Friday-23-02-2018_446.pcap,tcp_1012,tcp,1012,Sql-Injection,Malware,Web-Attack,Sql-Injection
Thursday-22-02-2018_447.pcap,tcp_1310,tcp,1310,Sql-Injection,Malware,Web-Attack,Sql-Injection
Friday-23-02-2018_446.pcap,tcp_1046,tcp,1046,Sql-Injection,Malware,Web-Attack,Sql-Injection
Thursday-22-02-2018_447.pcap,tcp_1306,tcp,1306,Sql-Injection,Malware,Web-Attack,Sql-Injection
Friday-23-02-2018_446.pcap,tcp_1049,tcp,1049,Sql-Injection,Malware,Web-Attack,Sql-Injection
Thursday-22-02-2018_447.pcap,tcp_1303,tcp,1303,Sql-Injection,Malware,Web-Attack,Sql-Injection
Thursday-22-02-2018_447.pcap,tcp_1314,tcp,1314,Sql-Injection,Malware,Web-Attack,Sql-Injection
Friday-23-02-2018_446.pcap,tcp_1051,tcp,1051,Sql-Injection,Malware,Web-Attack,Sql-Injection
Friday-23-02-2018_446.pcap,tcp_1061,tcp,1061,Sql-Injection,Malware,Web-Attack,Sql-Injection
Friday-23-02-2018_446.pcap,tcp_1062,tcp,1062,Sql-Injection,Malware,Web-Attack,Sql-Injection
Thursday-22-02-2018_447.pcap,tcp_1308,tcp,1308,Sql-Injection,Malware,Web-Attack,Sql-Injection
Thursday-22-02-2018_447.pcap,tcp_1299,tcp,1299,Sql-Injection,Malware,Web-Attack,Sql-Injection
Thursday-22-02-2018_447.pcap,tcp_1338,tcp,1338,Sql-Injection,Malware,Web-Attack,Sql-Injection
Friday-23-02-2018_446.pcap,tcp_1032,tcp,1032,Sql-Injection,Malware,Web-Attack,Sql-Injection
Thursday-22-02-2018_447.pcap,tcp_1300,tcp,1300,Sql-Injection,Malware,Web-Attack,Sql-Injection
Friday-23-02-2018_446.pcap,tcp_1073,tcp,1073,Sql-Injection,Malware,Web-Attack,Sql-Injection
Friday-23-02-2018_446.pcap,tcp_1030,tcp,1030,Sql-Injection,Malware,Web-Attack,Sql-Injection
Friday-23-02-2018_446.pcap,tcp_1020,tcp,1020,Sql-Injection,Malware,Web-Attack,Sql-Injection
Thursday-22-02-2018_447.pcap,tcp_1312,tcp,1312,Sql-Injection,Malware,Web-Attack,Sql-Injection
Friday-23-02-2018_446.pcap,tcp_1017,tcp,1017,Sql-Injection,Malware,Web-Attack,Sql-Injection
Thursday-22-02-2018_447.pcap,tcp_1323,tcp,1323,Sql-Injection,Malware,Web-Attack,Sql-Injection
Friday-23-02-2018_446.pcap,tcp_1028,tcp,1028,Sql-Injection,Malware,Web-Attack,Sql-Injection
Thursday-01-03-2018_275.pcap,tcp_29,tcp,29,Infiltration,Malware,Infiltration,Infiltration
Thursday-01-03-2018_274.pcap,tcp_46,tcp,46,Infiltration,Malware,Infiltration,Infiltration
Thursday-15-02-2018_162.pcap,tcp_705,tcp,705,Benign,Benign,Benign,Benign
Thursday-22-02-2018_121.pcap,tcp_1685,tcp,1685,Benign,Benign,Benign,Benign
Wednesday-14-02-2018_118.pcap,tcp_761,tcp,761,Benign,Benign,Benign,Benign
Thursday-15-02-2018_130.pcap,tcp_4706,tcp,4706,Benign,Benign,Benign,Benign
Wednesday-21-02-2018_117.pcap,tcp_2225,tcp,2225,Benign,Benign,Benign,Benign
Wednesday-21-02-2018_304.pcap,tcp_887,tcp,887,Benign,Benign,Benign,Benign
Friday-16-02-2018_310.pcap,udp_3067,udp,3067,Benign,Benign,Benign,Benign
Wednesday-14-02-2018_128.pcap,tcp_494,tcp,494,Benign,Benign,Benign,Benign
Friday-23-02-2018_315.pcap,udp_4264,udp,4264,Benign,Benign,Benign,Benign
Wednesday-21-02-2018_209.pcap,tcp_4548,tcp,4548,Benign,Benign,Benign,Benign
Thursday-15-02-2018_96.pcap,udp_4544,udp,4544,Benign,Benign,Benign,Benign
Wednesday-14-02-2018_103.pcap,tcp_14418,tcp,14418,Benign,Benign,Benign,Benign
Wednesday-21-02-2018_250.pcap,tcp_6194,tcp,6194,Benign,Benign,Benign,Benign
Friday-02-03-2018_71.pcap,udp_3635,udp,3635,Benign,Benign,Benign,Benign
Friday-23-02-2018_220.pcap,tcp_3474,tcp,3474,Benign,Benign,Benign,Benign
Thursday-22-02-2018_118.pcap,tcp_3478,tcp,3478,Benign,Benign,Benign,Benign
Wednesday-14-02-2018_138.pcap,udp_5994,udp,5994,Benign,Benign,Benign,Benign
Wednesday-14-02-2018_103.pcap,tcp_52471,tcp,52471,Benign,Benign,Benign,Benign
Friday-23-02-2018_322.pcap,tcp_8976,tcp,8976,Benign,Benign,Benign,Benign
Thursday-15-02-2018_148.pcap,udp_3331,udp,3331,Benign,Benign,Benign,Benign
Wednesday-14-02-2018_148.pcap,tcp_4116,tcp,4116,Benign,Benign,Benign,Benign
Wednesday-21-02-2018_326.pcap,udp_5718,udp,5718,Benign,Benign,Benign,Benign
Wednesday-21-02-2018_317.pcap,udp_435,udp,435,Benign,Benign,Benign,Benign
Thursday-22-02-2018_104.pcap,tcp_7779,tcp,7779,Benign,Benign,Benign,Benign
Wednesday-21-02-2018_15.pcap,tcp_6385,tcp,6385,Benign,Benign,Benign,Benign
Wednesday-21-02-2018_296.pcap,tcp_1287,tcp,1287,Benign,Benign,Benign,Benign
Friday-23-02-2018_331.pcap,udp_871,udp,871,Benign,Benign,Benign,Benign
Wednesday-28-02-2018_92.pcap,udp_283,udp,283,Benign,Benign,Benign,Benign
Wednesday-14-02-2018_103.pcap,tcp_31943,tcp,31943,Benign,Benign,Benign,Benign
Wednesday-21-02-2018_146.pcap,udp_575,udp,575,Benign,Benign,Benign,Benign
Thursday-01-03-2018_394.pcap,tcp_12131,tcp,12131,Benign,Benign,Benign,Benign
Thursday-01-03-2018_360.pcap,tcp_2156,tcp,2156,Benign,Benign,Benign,Benign
Friday-16-02-2018_316.pcap,tcp_7054,tcp,7054,Benign,Benign,Benign,Benign
Thursday-01-03-2018_400.pcap,tcp_8242,tcp,8242,Benign,Benign,Benign,Benign
Wednesday-28-02-2018_98.pcap,udp_5571,udp,5571,Benign,Benign,Benign,Benign
Friday-23-02-2018_327.pcap,tcp_4211,tcp,4211,Benign,Benign,Benign,Benign
Wednesday-14-02-2018_159.pcap,udp_6056,udp,6056,Benign,Benign,Benign,Benign
Wednesday-21-02-2018_143.pcap,udp_3482,udp,3482,Benign,Benign,Benign,Benign
Friday-02-03-2018_82.pcap,udp_1280,udp,1280,Benign,Benign,Benign,Benign
Friday-23-02-2018_278.pcap,udp_3577,udp,3577,Benign,Benign,Benign,Benign
Thursday-01-03-2018_362.pcap,tcp_4524,tcp,4524,Benign,Benign,Benign,Benign
Thursday-01-03-2018_423.pcap,udp_619,udp,619,Benign,Benign,Benign,Benign
Wednesday-14-02-2018_144.pcap,udp_3948,udp,3948,Benign,Benign,Benign,Benign
Thursday-22-02-2018_103.pcap,tcp_5969,tcp,5969,Benign,Benign,Benign,Benign
Friday-23-02-2018_294.pcap,tcp_4565,tcp,4565,Benign,Benign,Benign,Benign
Thursday-22-02-2018_1.pcap,udp_4921,udp,4921,Benign,Benign,Benign,Benign
Wednesday-21-02-2018_194.pcap,udp_4453,udp,4453,Benign,Benign,Benign,Benign
Thursday-22-02-2018_138.pcap,tcp_3557,tcp,3557,Benign,Benign,Benign,Benign
Friday-23-02-2018_205.pcap,tcp_5282,tcp,5282,Benign,Benign,Benign,Benign
Wednesday-21-02-2018_177.pcap,udp_3107,udp,3107,Benign,Benign,Benign,Benign
Wednesday-14-02-2018_12.pcap,tcp_86,tcp,86,Benign,Benign,Benign,Benign
Thursday-15-02-2018_172.pcap,tcp_4942,tcp,4942,Benign,Benign,Benign,Benign
Wednesday-21-02-2018_290.pcap,tcp_5437,tcp,5437,Benign,Benign,Benign,Benign
Thursday-22-02-2018_129.pcap,udp_6132,udp,6132,Benign,Benign,Benign,Benign
Friday-16-02-2018_279.pcap,tcp_6393,tcp,6393,Benign,Benign,Benign,Benign
Friday-23-02-2018_30.pcap,udp_2155,udp,2155,Benign,Benign,Benign,Benign
Wednesday-14-02-2018_127.pcap,tcp_7,tcp,7,Benign,Benign,Benign,Benign
Friday-23-02-2018_322.pcap,tcp_5447,tcp,5447,Benign,Benign,Benign,Benign
Thursday-01-03-2018_428.pcap,tcp_5704,tcp,5704,Benign,Benign,Benign,Benign
Thursday-22-02-2018_143.pcap,udp_2354,udp,2354,Benign,Benign,Benign,Benign
Thursday-15-02-2018_81.pcap,tcp_48,tcp,48,Benign,Benign,Benign,Benign
Friday-16-02-2018_327.pcap,tcp_1718,tcp,1718,Benign,Benign,Benign,Benign
Friday-16-02-2018_267.pcap,tcp_1541,tcp,1541,Benign,Benign,Benign,Benign
Wednesday-14-02-2018_92.pcap,tcp_4125,tcp,4125,Benign,Benign,Benign,Benign
Wednesday-21-02-2018_10.pcap,udp_2588,udp,2588,Benign,Benign,Benign,Benign
Thursday-01-03-2018_391.pcap,udp_1032,udp,1032,Benign,Benign,Benign,Benign
Friday-23-02-2018_33.pcap,udp_4400,udp,4400,Benign,Benign,Benign,Benign
Wednesday-21-02-2018_224.pcap,tcp_4212,tcp,4212,Benign,Benign,Benign,Benign
Thursday-22-02-2018_117.pcap,tcp_4728,tcp,4728,Benign,Benign,Benign,Benign
Thursday-15-02-2018_159.pcap,udp_2848,udp,2848,Benign,Benign,Benign,Benign
Friday-23-02-2018_304.pcap,tcp_2571,tcp,2571,Benign,Benign,Benign,Benign
Friday-02-03-2018_5.pcap,udp_3649,udp,3649,Benign,Benign,Benign,Benign
Wednesday-21-02-2018_284.pcap,udp_6667,udp,6667,Benign,Benign,Benign,Benign
Thursday-22-02-2018_132.pcap,tcp_5564,tcp,5564,Benign,Benign,Benign,Benign
Wednesday-14-02-2018_126.pcap,tcp_4152,tcp,4152,Benign,Benign,Benign,Benign
Wednesday-21-02-2018_193.pcap,udp_4168,udp,4168,Benign,Benign,Benign,Benign
Wednesday-21-02-2018_16.pcap,udp_1937,udp,1937,Benign,Benign,Benign,Benign
Wednesday-21-02-2018_237.pcap,tcp_311,tcp,311,Benign,Benign,Benign,Benign
Wednesday-21-02-2018_2.pcap,tcp_621,tcp,621,Benign,Benign,Benign,Benign
Friday-16-02-2018_108.pcap,tcp_6233,tcp,6233,Benign,Benign,Benign,Benign
Wednesday-21-02-2018_320.pcap,tcp_3299,tcp,3299,Benign,Benign,Benign,Benign
Wednesday-21-02-2018_174.pcap,tcp_2037,tcp,2037,Benign,Benign,Benign,Benign
Thursday-22-02-2018_124.pcap,tcp_1778,tcp,1778,Benign,Benign,Benign,Benign
Friday-23-02-2018_237.pcap,tcp_6754,tcp,6754,Benign,Benign,Benign,Benign
Thursday-15-02-2018_91.pcap,tcp_5612,tcp,5612,Benign,Benign,Benign,Benign
Thursday-22-02-2018_112.pcap,tcp_6212,tcp,6212,Benign,Benign,Benign,Benign
Friday-02-03-2018_53.pcap,tcp_431,tcp,431,Benign,Benign,Benign,Benign
Thursday-01-03-2018_47.pcap,tcp_10601,tcp,10601,Benign,Benign,Benign,Benign
Wednesday-14-02-2018_91.pcap,udp_1518,udp,1518,Benign,Benign,Benign,Benign
Friday-23-02-2018_295.pcap,tcp_4234,tcp,4234,Benign,Benign,Benign,Benign
Wednesday-21-02-2018_152.pcap,tcp_1823,tcp,1823,Benign,Benign,Benign,Benign
Wednesday-21-02-2018_20.pcap,tcp_4681,tcp,4681,Benign,Benign,Benign,Benign
Thursday-15-02-2018_196.pcap,udp_723,udp,723,Benign,Benign,Benign,Benign
Wednesday-14-02-2018_135.pcap,udp_2772,udp,2772,Benign,Benign,Benign,Benign
Wednesday-21-02-2018_16.pcap,udp_2888,udp,2888,Benign,Benign,Benign,Benign
Friday-23-02-2018_341.pcap,tcp_6099,tcp,6099,Benign,Benign,Benign,Benign
Friday-23-02-2018_287.pcap,tcp_4159,tcp,4159,Benign,Benign,Benign,Benign
Wednesday-21-02-2018_280.pcap,tcp_2403,tcp,2403,Benign,Benign,Benign,Benign
Wednesday-21-02-2018_315.pcap,udp_1675,udp,1675,Benign,Benign,Benign,Benign
Wednesday-21-02-2018_103.pcap,udp_2154,udp,2154,Benign,Benign,Benign,Benign
Wednesday-21-02-2018_231.pcap,tcp_2371,tcp,2371,Benign,Benign,Benign,Benign
Wednesday-21-02-2018_180.pcap,udp_1662,udp,1662,Benign,Benign,Benign,Benign
Friday-02-03-2018_83.pcap,udp_2232,udp,2232,Benign,Benign,Benign,Benign
Wednesday-21-02-2018_150.pcap,tcp_5395,tcp,5395,Benign,Benign,Benign,Benign
Wednesday-14-02-2018_176.pcap,tcp_4028,tcp,4028,Benign,Benign,Benign,Benign
Friday-16-02-2018_295.pcap,tcp_795,tcp,795,Benign,Benign,Benign,Benign
Wednesday-14-02-2018_156.pcap,udp_3895,udp,3895,Benign,Benign,Benign,Benign
Friday-16-02-2018_280.pcap,tcp_3801,tcp,3801,Benign,Benign,Benign,Benign
Friday-23-02-2018_281.pcap,tcp_7342,tcp,7342,Benign,Benign,Benign,Benign
Thursday-15-02-2018_122.pcap,tcp_3471,tcp,3471,Benign,Benign,Benign,Benign
Friday-16-02-2018_28.pcap,tcp_918,tcp,918,Benign,Benign,Benign,Benign
Friday-16-02-2018_320.pcap,udp_2096,udp,2096,Benign,Benign,Benign,Benign
Friday-23-02-2018_278.pcap,tcp_6868,tcp,6868,Benign,Benign,Benign,Benign
Wednesday-28-02-2018_98.pcap,tcp_2592,tcp,2592,Benign,Benign,Benign,Benign
Thursday-15-02-2018_183.pcap,tcp_1518,tcp,1518,Benign,Benign,Benign,Benign
Friday-16-02-2018_106.pcap,udp_4175,udp,4175,Benign,Benign,Benign,Benign
Wednesday-21-02-2018_301.pcap,tcp_3963,tcp,3963,Benign,Benign,Benign,Benign
Wednesday-14-02-2018_66.pcap,tcp_2195,tcp,2195,Benign,Benign,Benign,Benign
Wednesday-14-02-2018_9.pcap,udp_1108,udp,1108,Benign,Benign,Benign,Benign
Friday-23-02-2018_300.pcap,tcp_77,tcp,77,Benign,Benign,Benign,Benign
Friday-02-03-2018_6.pcap,udp_2208,udp,2208,Benign,Benign,Benign,Benign
Friday-16-02-2018_328.pcap,tcp_58,tcp,58,Benign,Benign,Benign,Benign
Friday-16-02-2018_325.pcap,udp_696,udp,696,Benign,Benign,Benign,Benign
Wednesday-14-02-2018_93.pcap,udp_5616,udp,5616,Benign,Benign,Benign,Benign
Thursday-22-02-2018_122.pcap,udp_4613,udp,4613,Benign,Benign,Benign,Benign
Wednesday-21-02-2018_169.pcap,tcp_461,tcp,461,Benign,Benign,Benign,Benign
Thursday-22-02-2018_100.pcap,tcp_5303,tcp,5303,Benign,Benign,Benign,Benign
Friday-02-03-2018_63.pcap,udp_3556,udp,3556,Benign,Benign,Benign,Benign
Wednesday-21-02-2018_246.pcap,udp_6192,udp,6192,Benign,Benign,Benign,Benign
Wednesday-14-02-2018_170.pcap,tcp_3362,tcp,3362,Benign,Benign,Benign,Benign
Thursday-22-02-2018_129.pcap,udp_5,udp,5,Benign,Benign,Benign,Benign
Friday-16-02-2018_330.pcap,udp_3484,udp,3484,Benign,Benign,Benign,Benign
Wednesday-21-02-2018_316.pcap,udp_1081,udp,1081,Benign,Benign,Benign,Benign
Wednesday-21-02-2018_324.pcap,udp_3834,udp,3834,Benign,Benign,Benign,Benign
Thursday-01-03-2018_429.pcap,tcp_2257,tcp,2257,Benign,Benign,Benign,Benign
Thursday-01-03-2018_371.pcap,udp_272,udp,272,Benign,Benign,Benign,Benign
Friday-16-02-2018_270.pcap,udp_1262,udp,1262,Benign,Benign,Benign,Benign
Wednesday-28-02-2018_90.pcap,tcp_2981,tcp,2981,Benign,Benign,Benign,Benign
Thursday-22-02-2018_125.pcap,udp_827,udp,827,Benign,Benign,Benign,Benign
Thursday-15-02-2018_144.pcap,udp_2310,udp,2310,Benign,Benign,Benign,Benign
Wednesday-14-02-2018_57.pcap,udp_4261,udp,4261,Benign,Benign,Benign,Benign
Friday-23-02-2018_211.pcap,udp_527,udp,527,Benign,Benign,Benign,Benign
Wednesday-14-02-2018_75.pcap,udp_3830,udp,3830,Benign,Benign,Benign,Benign
Wednesday-21-02-2018_267.pcap,tcp_3294,tcp,3294,Benign,Benign,Benign,Benign
Wednesday-14-02-2018_171.pcap,tcp_1889,tcp,1889,Benign,Benign,Benign,Benign
Thursday-01-03-2018_372.pcap,tcp_3430,tcp,3430,Benign,Benign,Benign,Benign
Wednesday-14-02-2018_51.pcap,tcp_6682,tcp,6682,Benign,Benign,Benign,Benign
Friday-16-02-2018_303.pcap,udp_1575,udp,1575,Benign,Benign,Benign,Benign
Wednesday-21-02-2018_3.pcap,tcp_5672,tcp,5672,Benign,Benign,Benign,Benign
Wednesday-21-02-2018_255.pcap,tcp_1588,tcp,1588,Benign,Benign,Benign,Benign
Wednesday-21-02-2018_221.pcap,udp_4665,udp,4665,Benign,Benign,Benign,Benign
Friday-23-02-2018_321.pcap,tcp_12773,tcp,12773,Benign,Benign,Benign,Benign
Friday-02-03-2018_70.pcap,tcp_5470,tcp,5470,Benign,Benign,Benign,Benign
Thursday-15-02-2018_160.pcap,udp_3650,udp,3650,Benign,Benign,Benign,Benign
Friday-16-02-2018_299.pcap,udp_335,udp,335,Benign,Benign,Benign,Benign
Thursday-22-02-2018_104.pcap,tcp_3605,tcp,3605,Benign,Benign,Benign,Benign
Thursday-15-02-2018_165.pcap,udp_4885,udp,4885,Benign,Benign,Benign,Benign
Thursday-22-02-2018_142.pcap,tcp_4802,tcp,4802,Benign,Benign,Benign,Benign
Wednesday-14-02-2018_115.pcap,tcp_3381,tcp,3381,Benign,Benign,Benign,Benign
Wednesday-21-02-2018_130.pcap,tcp_4509,tcp,4509,Benign,Benign,Benign,Benign
Thursday-15-02-2018_130.pcap,tcp_4797,tcp,4797,Benign,Benign,Benign,Benign
Thursday-22-02-2018_113.pcap,udp_1676,udp,1676,Benign,Benign,Benign,Benign
Wednesday-14-02-2018_134.pcap,tcp_4578,tcp,4578,Benign,Benign,Benign,Benign
Friday-23-02-2018_281.pcap,tcp_2015,tcp,2015,Benign,Benign,Benign,Benign
Friday-23-02-2018_211.pcap,udp_2817,udp,2817,Benign,Benign,Benign,Benign
Wednesday-21-02-2018_176.pcap,tcp_6416,tcp,6416,Benign,Benign,Benign,Benign
Friday-16-02-2018_104.pcap,udp_174,udp,174,Benign,Benign,Benign,Benign
Wednesday-21-02-2018_214.pcap,tcp_324,tcp,324,Benign,Benign,Benign,Benign
Wednesday-14-02-2018_138.pcap,tcp_2189,tcp,2189,Benign,Benign,Benign,Benign
Thursday-15-02-2018_88.pcap,udp_956,udp,956,Benign,Benign,Benign,Benign
Friday-16-02-2018_330.pcap,udp_2719,udp,2719,Benign,Benign,Benign,Benign
Friday-16-02-2018_264.pcap,udp_3704,udp,3704,Benign,Benign,Benign,Benign
Friday-23-02-2018_335.pcap,udp_5232,udp,5232,Benign,Benign,Benign,Benign
Thursday-01-03-2018_354.pcap,tcp_10891,tcp,10891,Benign,Benign,Benign,Benign
Thursday-22-02-2018_111.pcap,udp_234,udp,234,Benign,Benign,Benign,Benign
Wednesday-21-02-2018_23.pcap,udp_1734,udp,1734,Benign,Benign,Benign,Benign
Wednesday-21-02-2018_16.pcap,tcp_6004,tcp,6004,Benign,Benign,Benign,Benign
Friday-02-03-2018_54.pcap,tcp_2890,tcp,2890,Benign,Benign,Benign,Benign
Wednesday-14-02-2018_138.pcap,udp_692,udp,692,Benign,Benign,Benign,Benign
Wednesday-21-02-2018_106.pcap,tcp_7290,tcp,7290,Benign,Benign,Benign,Benign
Thursday-01-03-2018_378.pcap,tcp_5524,tcp,5524,Benign,Benign,Benign,Benign
Wednesday-21-02-2018_228.pcap,udp_3043,udp,3043,Benign,Benign,Benign,Benign
Thursday-01-03-2018_421.pcap,tcp_3286,tcp,3286,Benign,Benign,Benign,Benign
Friday-23-02-2018_279.pcap,udp_4254,udp,4254,Benign,Benign,Benign,Benign
Friday-02-03-2018_99.pcap,tcp_1872,tcp,1872,Benign,Benign,Benign,Benign
Thursday-01-03-2018_415.pcap,tcp_4095,tcp,4095,Benign,Benign,Benign,Benign
Friday-02-03-2018_86.pcap,udp_403,udp,403,Benign,Benign,Benign,Benign
Thursday-15-02-2018_188.pcap,tcp_4057,tcp,4057,Benign,Benign,Benign,Benign
Wednesday-21-02-2018_191.pcap,tcp_5921,tcp,5921,Benign,Benign,Benign,Benign
Wednesday-28-02-2018_91.pcap,udp_4829,udp,4829,Benign,Benign,Benign,Benign
Wednesday-21-02-2018_318.pcap,udp_524,udp,524,Benign,Benign,Benign,Benign
Friday-23-02-2018_213.pcap,udp_4323,udp,4323,Benign,Benign,Benign,Benign
Friday-02-03-2018_84.pcap,tcp_7666,tcp,7666,Benign,Benign,Benign,Benign
Friday-16-02-2018_112.pcap,udp_541,udp,541,Benign,Benign,Benign,Benign
Friday-02-03-2018_48.pcap,tcp_295,tcp,295,Benign,Benign,Benign,Benign
Thursday-22-02-2018_112.pcap,tcp_6035,tcp,6035,Benign,Benign,Benign,Benign
Wednesday-21-02-2018_239.pcap,tcp_2677,tcp,2677,Benign,Benign,Benign,Benign
Wednesday-21-02-2018_207.pcap,tcp_6542,tcp,6542,Benign,Benign,Benign,Benign
Friday-23-02-2018_301.pcap,udp_898,udp,898,Benign,Benign,Benign,Benign
Wednesday-21-02-2018_151.pcap,tcp_339,tcp,339,Benign,Benign,Benign,Benign
Thursday-15-02-2018_124.pcap,tcp_1448,tcp,1448,Benign,Benign,Benign,Benign
Friday-16-02-2018_103.pcap,tcp_5945,tcp,5945,Benign,Benign,Benign,Benign
Wednesday-21-02-2018_118.pcap,tcp_934,tcp,934,Benign,Benign,Benign,Benign
Wednesday-21-02-2018_291.pcap,tcp_2460,tcp,2460,Benign,Benign,Benign,Benign
Friday-02-03-2018_79.pcap,udp_4979,udp,4979,Benign,Benign,Benign,Benign
Thursday-22-02-2018_143.pcap,tcp_707,tcp,707,Benign,Benign,Benign,Benign
Friday-02-03-2018_8.pcap,udp_3464,udp,3464,Benign,Benign,Benign,Benign
Wednesday-21-02-2018_247.pcap,tcp_4258,tcp,4258,Benign,Benign,Benign,Benign
Wednesday-21-02-2018_137.pcap,tcp_6011,tcp,6011,Benign,Benign,Benign,Benign
Thursday-15-02-2018_132.pcap,tcp_5517,tcp,5517,Benign,Benign,Benign,Benign
Wednesday-21-02-2018_216.pcap,udp_1449,udp,1449,Benign,Benign,Benign,Benign
Wednesday-21-02-2018_106.pcap,tcp_1732,tcp,1732,Benign,Benign,Benign,Benign
Thursday-22-02-2018_111.pcap,udp_3145,udp,3145,Benign,Benign,Benign,Benign
Wednesday-21-02-2018_211.pcap,udp_744,udp,744,Benign,Benign,Benign,Benign
Wednesday-21-02-2018_24.pcap,udp_1440,udp,1440,Benign,Benign,Benign,Benign
Thursday-01-03-2018_358.pcap,udp_3225,udp,3225,Benign,Benign,Benign,Benign
Friday-23-02-2018_211.pcap,tcp_1453,tcp,1453,Benign,Benign,Benign,Benign
Wednesday-21-02-2018_236.pcap,udp_138,udp,138,Benign,Benign,Benign,Benign
Wednesday-21-02-2018_101.pcap,tcp_6203,tcp,6203,Benign,Benign,Benign,Benign
Wednesday-21-02-2018_206.pcap,tcp_4834,tcp,4834,Benign,Benign,Benign,Benign
Friday-02-03-2018_7.pcap,tcp_9387,tcp,9387,Benign,Benign,Benign,Benign
Thursday-22-02-2018_11.pcap,tcp_4599,tcp,4599,Benign,Benign,Benign,Benign
Friday-23-02-2018_281.pcap,tcp_3202,tcp,3202,Benign,Benign,Benign,Benign
Friday-23-02-2018_343.pcap,tcp_3767,tcp,3767,Benign,Benign,Benign,Benign
Friday-02-03-2018_62.pcap,tcp_6429,tcp,6429,Benign,Benign,Benign,Benign
Wednesday-21-02-2018_113.pcap,tcp_9966,tcp,9966,Benign,Benign,Benign,Benign
Friday-16-02-2018_306.pcap,tcp_7004,tcp,7004,Benign,Benign,Benign,Benign
Friday-16-02-2018_301.pcap,udp_4826,udp,4826,Benign,Benign,Benign,Benign
Thursday-15-02-2018_139.pcap,udp_4341,udp,4341,Benign,Benign,Benign,Benign
Wednesday-21-02-2018_279.pcap,udp_3009,udp,3009,Benign,Benign,Benign,Benign
Wednesday-14-02-2018_98.pcap,tcp_6557,tcp,6557,Benign,Benign,Benign,Benign
Friday-23-02-2018_330.pcap,udp_1524,udp,1524,Benign,Benign,Benign,Benign
Thursday-01-03-2018_369.pcap,tcp_6148,tcp,6148,Benign,Benign,Benign,Benign
Thursday-15-02-2018_95.pcap,tcp_7509,tcp,7509,Benign,Benign,Benign,Benign
Wednesday-14-02-2018_145.pcap,tcp_2928,tcp,2928,Benign,Benign,Benign,Benign
Wednesday-14-02-2018_97.pcap,udp_4703,udp,4703,Benign,Benign,Benign,Benign
Wednesday-21-02-2018_172.pcap,tcp_1651,tcp,1651,Benign,Benign,Benign,Benign
Friday-23-02-2018_294.pcap,udp_3175,udp,3175,Benign,Benign,Benign,Benign
Thursday-22-02-2018_112.pcap,udp_2830,udp,2830,Benign,Benign,Benign,Benign
Wednesday-21-02-2018_151.pcap,tcp_4281,tcp,4281,Benign,Benign,Benign,Benign
Friday-02-03-2018_85.pcap,udp_5270,udp,5270,Benign,Benign,Benign,Benign
Wednesday-21-02-2018_203.pcap,tcp_6829,tcp,6829,Benign,Benign,Benign,Benign
Wednesday-21-02-2018_156.pcap,tcp_3629,tcp,3629,Benign,Benign,Benign,Benign
Friday-16-02-2018_284.pcap,tcp_2732,tcp,2732,Benign,Benign,Benign,Benign
Friday-23-02-2018_229.pcap,udp_5230,udp,5230,Benign,Benign,Benign,Benign
Thursday-01-03-2018_430.pcap,tcp_8142,tcp,8142,Benign,Benign,Benign,Benign
Wednesday-28-02-2018_88.pcap,tcp_944,tcp,944,Benign,Benign,Benign,Benign
Friday-23-02-2018_238.pcap,tcp_6238,tcp,6238,Benign,Benign,Benign,Benign
Friday-23-02-2018_215.pcap,udp_4908,udp,4908,Benign,Benign,Benign,Benign
Wednesday-21-02-2018_142.pcap,udp_4492,udp,4492,Benign,Benign,Benign,Benign
Thursday-01-03-2018_378.pcap,tcp_2019,tcp,2019,Benign,Benign,Benign,Benign
Friday-23-02-2018_251.pcap,tcp_2971,tcp,2971,Benign,Benign,Benign,Benign
Wednesday-21-02-2018_295.pcap,udp_867,udp,867,Benign,Benign,Benign,Benign
Wednesday-21-02-2018_288.pcap,tcp_7201,tcp,7201,Benign,Benign,Benign,Benign
Wednesday-21-02-2018_190.pcap,udp_4725,udp,4725,Benign,Benign,Benign,Benign
Friday-23-02-2018_325.pcap,tcp_1590,tcp,1590,Benign,Benign,Benign,Benign
Friday-16-02-2018_301.pcap,tcp_3050,tcp,3050,Benign,Benign,Benign,Benign
Wednesday-21-02-2018_261.pcap,tcp_149,tcp,149,Benign,Benign,Benign,Benign
Wednesday-21-02-2018_258.pcap,udp_4745,udp,4745,Benign,Benign,Benign,Benign
Wednesday-14-02-2018_181.pcap,udp_2350,udp,2350,Benign,Benign,Benign,Benign
Thursday-15-02-2018_123.pcap,udp_3664,udp,3664,Benign,Benign,Benign,Benign
Friday-23-02-2018_243.pcap,tcp_1841,tcp,1841,Benign,Benign,Benign,Benign
Friday-16-02-2018_287.pcap,tcp_3680,tcp,3680,Benign,Benign,Benign,Benign
Wednesday-14-02-2018_158.pcap,tcp_3505,tcp,3505,Benign,Benign,Benign,Benign
Thursday-15-02-2018_160.pcap,tcp_247,tcp,247,Benign,Benign,Benign,Benign
Wednesday-21-02-2018_191.pcap,udp_2008,udp,2008,Benign,Benign,Benign,Benign
Friday-16-02-2018_109.pcap,tcp_10760,tcp,10760,Benign,Benign,Benign,Benign
Wednesday-14-02-2018_178.pcap,udp_576,udp,576,Benign,Benign,Benign,Benign
Friday-16-02-2018_319.pcap,tcp_4306,tcp,4306,Benign,Benign,Benign,Benign
Thursday-15-02-2018_99.pcap,udp_6196,udp,6196,Benign,Benign,Benign,Benign
Wednesday-28-02-2018_87.pcap,udp_4876,udp,4876,Benign,Benign,Benign,Benign
Thursday-15-02-2018_134.pcap,udp_949,udp,949,Benign,Benign,Benign,Benign
Wednesday-21-02-2018_254.pcap,udp_2457,udp,2457,Benign,Benign,Benign,Benign
Friday-16-02-2018_272.pcap,tcp_508,tcp,508,Benign,Benign,Benign,Benign
Wednesday-21-02-2018_318.pcap,tcp_5247,tcp,5247,Benign,Benign,Benign,Benign
Friday-23-02-2018_231.pcap,udp_4898,udp,4898,Benign,Benign,Benign,Benign
Wednesday-14-02-2018_9.pcap,tcp_2584,tcp,2584,Benign,Benign,Benign,Benign
Friday-16-02-2018_322.pcap,tcp_2183,tcp,2183,Benign,Benign,Benign,Benign
Thursday-22-02-2018_13.pcap,tcp_1832,tcp,1832,Benign,Benign,Benign,Benign
Friday-23-02-2018_225.pcap,tcp_1521,tcp,1521,Benign,Benign,Benign,Benign
Wednesday-21-02-2018_200.pcap,tcp_4195,tcp,4195,Benign,Benign,Benign,Benign
Thursday-15-02-2018_160.pcap,tcp_2613,tcp,2613,Benign,Benign,Benign,Benign
Thursday-15-02-2018_136.pcap,udp_2008,udp,2008,Benign,Benign,Benign,Benign
Friday-23-02-2018_346.pcap,udp_1953,udp,1953,Benign,Benign,Benign,Benign
Friday-16-02-2018_259.pcap,udp_7051,udp,7051,Benign,Benign,Benign,Benign
Wednesday-14-02-2018_165.pcap,udp_5675,udp,5675,Benign,Benign,Benign,Benign
Wednesday-21-02-2018_253.pcap,udp_3119,udp,3119,Benign,Benign,Benign,Benign
Thursday-22-02-2018_132.pcap,udp_3892,udp,3892,Benign,Benign,Benign,Benign
Wednesday-21-02-2018_276.pcap,tcp_2883,tcp,2883,Benign,Benign,Benign,Benign
Thursday-15-02-2018_156.pcap,udp_5662,udp,5662,Benign,Benign,Benign,Benign
Wednesday-21-02-2018_274.pcap,tcp_5763,tcp,5763,Benign,Benign,Benign,Benign
Friday-23-02-2018_290.pcap,tcp_6522,tcp,6522,Benign,Benign,Benign,Benign
Friday-16-02-2018_272.pcap,udp_4316,udp,4316,Benign,Benign,Benign,Benign
Wednesday-21-02-2018_218.pcap,tcp_6264,tcp,6264,Benign,Benign,Benign,Benign
Thursday-01-03-2018_416.pcap,tcp_3750,tcp,3750,Benign,Benign,Benign,Benign
Thursday-01-03-2018_359.pcap,tcp_5474,tcp,5474,Benign,Benign,Benign,Benign
Friday-23-02-2018_221.pcap,tcp_649,tcp,649,Benign,Benign,Benign,Benign
Wednesday-21-02-2018_131.pcap,udp_6105,udp,6105,Benign,Benign,Benign,Benign
Thursday-01-03-2018_42.pcap,tcp_6394,tcp,6394,Benign,Benign,Benign,Benign
Thursday-22-02-2018_135.pcap,udp_5468,udp,5468,Benign,Benign,Benign,Benign
Wednesday-14-02-2018_173.pcap,tcp_5575,tcp,5575,Benign,Benign,Benign,Benign
Wednesday-21-02-2018_273.pcap,udp_1511,udp,1511,Benign,Benign,Benign,Benign
Friday-23-02-2018_241.pcap,tcp_4508,tcp,4508,Benign,Benign,Benign,Benign
Friday-23-02-2018_338.pcap,udp_1326,udp,1326,Benign,Benign,Benign,Benign
Friday-02-03-2018_83.pcap,udp_742,udp,742,Benign,Benign,Benign,Benign
Wednesday-21-02-2018_244.pcap,tcp_1573,tcp,1573,Benign,Benign,Benign,Benign
Wednesday-21-02-2018_107.pcap,tcp_5953,tcp,5953,Benign,Benign,Benign,Benign
Wednesday-14-02-2018_158.pcap,tcp_5163,tcp,5163,Benign,Benign,Benign,Benign
Wednesday-21-02-2018_192.pcap,tcp_6378,tcp,6378,Benign,Benign,Benign,Benign
Wednesday-21-02-2018_164.pcap,tcp_8228,tcp,8228,Benign,Benign,Benign,Benign
Friday-23-02-2018_320.pcap,tcp_239,tcp,239,Benign,Benign,Benign,Benign
Thursday-22-02-2018_116.pcap,udp_402,udp,402,Benign,Benign,Benign,Benign
Friday-16-02-2018_265.pcap,tcp_7306,tcp,7306,Benign,Benign,Benign,Benign
Thursday-01-03-2018_388.pcap,tcp_405,tcp,405,Benign,Benign,Benign,Benign
Thursday-15-02-2018_127.pcap,udp_661,udp,661,Benign,Benign,Benign,Benign
Thursday-15-02-2018_145.pcap,udp_4591,udp,4591,Benign,Benign,Benign,Benign
Friday-23-02-2018_302.pcap,udp_1931,udp,1931,Benign,Benign,Benign,Benign
Wednesday-21-02-2018_108.pcap,tcp_12612,tcp,12612,Benign,Benign,Benign,Benign
Friday-23-02-2018_213.pcap,tcp_5739,tcp,5739,Benign,Benign,Benign,Benign
Thursday-15-02-2018_170.pcap,tcp_4509,tcp,4509,Benign,Benign,Benign,Benign
Friday-02-03-2018_61.pcap,udp_30,udp,30,Benign,Benign,Benign,Benign
Wednesday-14-02-2018_93.pcap,udp_5707,udp,5707,Benign,Benign,Benign,Benign
Friday-16-02-2018_261.pcap,udp_5075,udp,5075,Benign,Benign,Benign,Benign
Wednesday-21-02-2018_308.pcap,tcp_4140,tcp,4140,Benign,Benign,Benign,Benign
Friday-16-02-2018_260.pcap,udp_323,udp,323,Benign,Benign,Benign,Benign
Thursday-15-02-2018_125.pcap,tcp_2997,tcp,2997,Benign,Benign,Benign,Benign
Friday-16-02-2018_27.pcap,tcp_2402,tcp,2402,Benign,Benign,Benign,Benign
Friday-23-02-2018_279.pcap,udp_1822,udp,1822,Benign,Benign,Benign,Benign
Wednesday-21-02-2018_272.pcap,tcp_611,tcp,611,Benign,Benign,Benign,Benign
Thursday-01-03-2018_369.pcap,tcp_3614,tcp,3614,Benign,Benign,Benign,Benign
Friday-16-02-2018_107.pcap,tcp_4608,tcp,4608,Benign,Benign,Benign,Benign
Wednesday-21-02-2018_262.pcap,udp_981,udp,981,Benign,Benign,Benign,Benign
Thursday-22-02-2018_130.pcap,tcp_4033,tcp,4033,Benign,Benign,Benign,Benign
Wednesday-14-02-2018_96.pcap,tcp_6018,tcp,6018,Benign,Benign,Benign,Benign
Thursday-15-02-2018_162.pcap,udp_2014,udp,2014,Benign,Benign,Benign,Benign
Friday-23-02-2018_309.pcap,udp_3006,udp,3006,Benign,Benign,Benign,Benign
Thursday-15-02-2018_85.pcap,tcp_3161,tcp,3161,Benign,Benign,Benign,Benign
Friday-23-02-2018_317.pcap,tcp_5366,tcp,5366,Benign,Benign,Benign,Benign
Thursday-22-02-2018_105.pcap,tcp_1129,tcp,1129,Benign,Benign,Benign,Benign
Wednesday-28-02-2018_95.pcap,udp_1708,udp,1708,Benign,Benign,Benign,Benign
Wednesday-21-02-2018_226.pcap,tcp_521,tcp,521,Benign,Benign,Benign,Benign
Wednesday-21-02-2018_285.pcap,udp_1437,udp,1437,Benign,Benign,Benign,Benign
Wednesday-21-02-2018_171.pcap,udp_6382,udp,6382,Benign,Benign,Benign,Benign
Friday-23-02-2018_337.pcap,udp_1842,udp,1842,Benign,Benign,Benign,Benign
Thursday-01-03-2018_399.pcap,tcp_512,tcp,512,Benign,Benign,Benign,Benign
Wednesday-14-02-2018_54.pcap,tcp_2230,tcp,2230,Benign,Benign,Benign,Benign
Friday-02-03-2018_99.pcap,tcp_2048,tcp,2048,Benign,Benign,Benign,Benign
Wednesday-14-02-2018_92.pcap,tcp_2283,tcp,2283,Benign,Benign,Benign,Benign
Wednesday-28-02-2018_92.pcap,tcp_4264,tcp,4264,Benign,Benign,Benign,Benign
Friday-23-02-2018_284.pcap,tcp_3161,tcp,3161,Benign,Benign,Benign,Benign
Wednesday-14-02-2018_82.pcap,udp_796,udp,796,Benign,Benign,Benign,Benign
Wednesday-21-02-2018_154.pcap,tcp_3981,tcp,3981,Benign,Benign,Benign,Benign
Wednesday-14-02-2018_152.pcap,tcp_4681,tcp,4681,Benign,Benign,Benign,Benign
Friday-16-02-2018_285.pcap,udp_3334,udp,3334,Benign,Benign,Benign,Benign
Wednesday-21-02-2018_32.pcap,tcp_3779,tcp,3779,Benign,Benign,Benign,Benign
Wednesday-14-02-2018_95.pcap,udp_3807,udp,3807,Benign,Benign,Benign,Benign
Thursday-01-03-2018_358.pcap,tcp_7247,tcp,7247,Benign,Benign,Benign,Benign
Wednesday-21-02-2018_103.pcap,udp_5773,udp,5773,Benign,Benign,Benign,Benign
Friday-16-02-2018_303.pcap,tcp_14881,tcp,14881,Benign,Benign,Benign,Benign
Friday-16-02-2018_307.pcap,tcp_2617,tcp,2617,Benign,Benign,Benign,Benign
Thursday-15-02-2018_152.pcap,udp_4342,udp,4342,Benign,Benign,Benign,Benign
Thursday-15-02-2018_165.pcap,tcp_2544,tcp,2544,Benign,Benign,Benign,Benign
Thursday-01-03-2018_365.pcap,tcp_4380,tcp,4380,Benign,Benign,Benign,Benign
Wednesday-21-02-2018_240.pcap,udp_2500,udp,2500,Benign,Benign,Benign,Benign
Wednesday-21-02-2018_204.pcap,udp_4187,udp,4187,Benign,Benign,Benign,Benign
Wednesday-21-02-2018_141.pcap,udp_4094,udp,4094,Benign,Benign,Benign,Benign
Wednesday-14-02-2018_84.pcap,tcp_3069,tcp,3069,Benign,Benign,Benign,Benign
Friday-23-02-2018_335.pcap,udp_5084,udp,5084,Benign,Benign,Benign,Benign
Friday-16-02-2018_104.pcap,tcp_2076,tcp,2076,Benign,Benign,Benign,Benign
Wednesday-14-02-2018_182.pcap,tcp_2845,tcp,2845,Benign,Benign,Benign,Benign
Friday-23-02-2018_251.pcap,tcp_9890,tcp,9890,Benign,Benign,Benign,Benign
Wednesday-21-02-2018_127.pcap,udp_5455,udp,5455,Benign,Benign,Benign,Benign
Friday-16-02-2018_100.pcap,tcp_8177,tcp,8177,Benign,Benign,Benign,Benign
Wednesday-14-02-2018_163.pcap,udp_73,udp,73,Benign,Benign,Benign,Benign
Friday-16-02-2018_261.pcap,tcp_3082,tcp,3082,Benign,Benign,Benign,Benign
Friday-02-03-2018_83.pcap,udp_1349,udp,1349,Benign,Benign,Benign,Benign
Thursday-15-02-2018_99.pcap,tcp_2723,tcp,2723,Benign,Benign,Benign,Benign
Wednesday-21-02-2018_250.pcap,udp_1126,udp,1126,Benign,Benign,Benign,Benign
Friday-23-02-2018_203.pcap,udp_4080,udp,4080,Benign,Benign,Benign,Benign
Wednesday-21-02-2018_251.pcap,udp_3737,udp,3737,Benign,Benign,Benign,Benign
Friday-23-02-2018_224.pcap,udp_2995,udp,2995,Benign,Benign,Benign,Benign
Friday-23-02-2018_299.pcap,udp_1617,udp,1617,Benign,Benign,Benign,Benign
Wednesday-21-02-2018_21.pcap,tcp_1129,tcp,1129,Benign,Benign,Benign,Benign
Wednesday-21-02-2018_24.pcap,udp_69,udp,69,Benign,Benign,Benign,Benign
Thursday-15-02-2018_85.pcap,tcp_5028,tcp,5028,Benign,Benign,Benign,Benign
Wednesday-14-02-2018_149.pcap,udp_1568,udp,1568,Benign,Benign,Benign,Benign
Friday-02-03-2018_57.pcap,tcp_6772,tcp,6772,Benign,Benign,Benign,Benign
Friday-23-02-2018_254.pcap,udp_3347,udp,3347,Benign,Benign,Benign,Benign
Friday-16-02-2018_312.pcap,tcp_4275,tcp,4275,Benign,Benign,Benign,Benign
Friday-16-02-2018_105.pcap,udp_1907,udp,1907,Benign,Benign,Benign,Benign
Wednesday-14-02-2018_163.pcap,tcp_2851,tcp,2851,Benign,Benign,Benign,Benign
Wednesday-14-02-2018_139.pcap,udp_1781,udp,1781,Benign,Benign,Benign,Benign
Friday-23-02-2018_259.pcap,udp_2733,udp,2733,Benign,Benign,Benign,Benign
Wednesday-28-02-2018_85.pcap,tcp_3180,tcp,3180,Benign,Benign,Benign,Benign
Wednesday-21-02-2018_265.pcap,udp_177,udp,177,Benign,Benign,Benign,Benign
Thursday-15-02-2018_16.pcap,udp_3057,udp,3057,Benign,Benign,Benign,Benign
Thursday-22-02-2018_109.pcap,tcp_2291,tcp,2291,Benign,Benign,Benign,Benign
Wednesday-21-02-2018_167.pcap,udp_179,udp,179,Benign,Benign,Benign,Benign
Friday-02-03-2018_423.pcap,udp_1965,udp,1965,Benign,Benign,Benign,Benign
Thursday-22-02-2018_127.pcap,udp_632,udp,632,Benign,Benign,Benign,Benign
Wednesday-21-02-2018_237.pcap,tcp_7407,tcp,7407,Benign,Benign,Benign,Benign
Wednesday-21-02-2018_169.pcap,tcp_6339,tcp,6339,Benign,Benign,Benign,Benign
Thursday-15-02-2018_121.pcap,udp_2295,udp,2295,Benign,Benign,Benign,Benign
Friday-23-02-2018_292.pcap,udp_4814,udp,4814,Benign,Benign,Benign,Benign
Wednesday-21-02-2018_163.pcap,tcp_6981,tcp,6981,Benign,Benign,Benign,Benign
Friday-23-02-2018_314.pcap,tcp_5394,tcp,5394,Benign,Benign,Benign,Benign
Friday-02-03-2018_74.pcap,tcp_4551,tcp,4551,Benign,Benign,Benign,Benign
Friday-23-02-2018_331.pcap,udp_545,udp,545,Benign,Benign,Benign,Benign
Friday-23-02-2018_315.pcap,udp_3178,udp,3178,Benign,Benign,Benign,Benign
Thursday-22-02-2018_119.pcap,udp_2378,udp,2378,Benign,Benign,Benign,Benign
Thursday-15-02-2018_192.pcap,tcp_4179,tcp,4179,Benign,Benign,Benign,Benign
Friday-23-02-2018_337.pcap,tcp_8736,tcp,8736,Benign,Benign,Benign,Benign
Friday-23-02-2018_281.pcap,tcp_6217,tcp,6217,Benign,Benign,Benign,Benign
Thursday-01-03-2018_373.pcap,tcp_466,tcp,466,Benign,Benign,Benign,Benign
Wednesday-14-02-2018_95.pcap,udp_5429,udp,5429,Benign,Benign,Benign,Benign
Wednesday-21-02-2018_210.pcap,tcp_5045,tcp,5045,Benign,Benign,Benign,Benign
Thursday-22-02-2018_120.pcap,tcp_2316,tcp,2316,Benign,Benign,Benign,Benign
Thursday-01-03-2018_353.pcap,udp_4552,udp,4552,Benign,Benign,Benign,Benign
Thursday-22-02-2018_113.pcap,tcp_463,tcp,463,Benign,Benign,Benign,Benign
Thursday-22-02-2018_101.pcap,tcp_1655,tcp,1655,Benign,Benign,Benign,Benign
Friday-02-03-2018_78.pcap,udp_781,udp,781,Benign,Benign,Benign,Benign
Wednesday-21-02-2018_245.pcap,udp_4355,udp,4355,Benign,Benign,Benign,Benign
Thursday-15-02-2018_172.pcap,udp_43,udp,43,Benign,Benign,Benign,Benign
Wednesday-14-02-2018_146.pcap,tcp_5003,tcp,5003,Benign,Benign,Benign,Benign
Thursday-15-02-2018_194.pcap,tcp_433,tcp,433,Benign,Benign,Benign,Benign
Friday-02-03-2018_97.pcap,udp_324,udp,324,Benign,Benign,Benign,Benign
Friday-23-02-2018_303.pcap,udp_6338,udp,6338,Benign,Benign,Benign,Benign
Wednesday-21-02-2018_138.pcap,tcp_294,tcp,294,Benign,Benign,Benign,Benign
Wednesday-21-02-2018_249.pcap,udp_2089,udp,2089,Benign,Benign,Benign,Benign
Thursday-22-02-2018_127.pcap,udp_655,udp,655,Benign,Benign,Benign,Benign
Friday-16-02-2018_326.pcap,udp_1905,udp,1905,Benign,Benign,Benign,Benign
Thursday-15-02-2018_169.pcap,tcp_1071,tcp,1071,Benign,Benign,Benign,Benign
Wednesday-21-02-2018_178.pcap,udp_77,udp,77,Benign,Benign,Benign,Benign
Wednesday-14-02-2018_134.pcap,udp_690,udp,690,Benign,Benign,Benign,Benign
Wednesday-21-02-2018_238.pcap,tcp_5252,tcp,5252,Benign,Benign,Benign,Benign
Friday-23-02-2018_250.pcap,tcp_423,tcp,423,Benign,Benign,Benign,Benign
Wednesday-21-02-2018_279.pcap,udp_1335,udp,1335,Benign,Benign,Benign,Benign
Wednesday-21-02-2018_248.pcap,udp_6034,udp,6034,Benign,Benign,Benign,Benign
Thursday-01-03-2018_41.pcap,udp_5771,udp,5771,Benign,Benign,Benign,Benign
Wednesday-21-02-2018_162.pcap,tcp_3679,tcp,3679,Benign,Benign,Benign,Benign
Wednesday-21-02-2018_101.pcap,tcp_8531,tcp,8531,Benign,Benign,Benign,Benign
Wednesday-21-02-2018_237.pcap,udp_4544,udp,4544,Benign,Benign,Benign,Benign
Wednesday-21-02-2018_106.pcap,udp_641,udp,641,Benign,Benign,Benign,Benign
Wednesday-21-02-2018_268.pcap,tcp_4518,tcp,4518,Benign,Benign,Benign,Benign
Wednesday-21-02-2018_260.pcap,tcp_2452,tcp,2452,Benign,Benign,Benign,Benign
Thursday-22-02-2018_110.pcap,tcp_6772,tcp,6772,Benign,Benign,Benign,Benign
Thursday-15-02-2018_92.pcap,tcp_1002,tcp,1002,Benign,Benign,Benign,Benign
Friday-23-02-2018_209.pcap,tcp_2645,tcp,2645,Benign,Benign,Benign,Benign
Wednesday-21-02-2018_185.pcap,tcp_1390,tcp,1390,Benign,Benign,Benign,Benign
Friday-16-02-2018_274.pcap,tcp_4630,tcp,4630,Benign,Benign,Benign,Benign
Thursday-15-02-2018_142.pcap,tcp_2990,tcp,2990,Benign,Benign,Benign,Benign
Friday-16-02-2018_290.pcap,udp_4396,udp,4396,Benign,Benign,Benign,Benign
Wednesday-21-02-2018_153.pcap,tcp_4668,tcp,4668,Benign,Benign,Benign,Benign
Wednesday-21-02-2018_252.pcap,udp_858,udp,858,Benign,Benign,Benign,Benign
Friday-23-02-2018_282.pcap,udp_5267,udp,5267,Benign,Benign,Benign,Benign
Friday-16-02-2018_274.pcap,tcp_648,tcp,648,Benign,Benign,Benign,Benign
Thursday-15-02-2018_187.pcap,tcp_1781,tcp,1781,Benign,Benign,Benign,Benign
Thursday-15-02-2018_151.pcap,tcp_2424,tcp,2424,Benign,Benign,Benign,Benign
Friday-02-03-2018_423.pcap,tcp_14234,tcp,14234,Benign,Benign,Benign,Benign
Friday-02-03-2018_60.pcap,tcp_1568,tcp,1568,Benign,Benign,Benign,Benign
Wednesday-21-02-2018_301.pcap,tcp_4294,tcp,4294,Benign,Benign,Benign,Benign
Friday-23-02-2018_344.pcap,udp_763,udp,763,Benign,Benign,Benign,Benign
Thursday-22-02-2018_13.pcap,tcp_3257,tcp,3257,Benign,Benign,Benign,Benign
Friday-23-02-2018_329.pcap,udp_849,udp,849,Benign,Benign,Benign,Benign
Wednesday-14-02-2018_57.pcap,udp_114,udp,114,Benign,Benign,Benign,Benign
Wednesday-21-02-2018_136.pcap,udp_6090,udp,6090,Benign,Benign,Benign,Benign
Thursday-15-02-2018_88.pcap,tcp_5257,tcp,5257,Benign,Benign,Benign,Benign
Thursday-15-02-2018_124.pcap,tcp_3665,tcp,3665,Benign,Benign,Benign,Benign
Friday-02-03-2018_89.pcap,tcp_4534,tcp,4534,Benign,Benign,Benign,Benign
Thursday-22-02-2018_100.pcap,tcp_4228,tcp,4228,Benign,Benign,Benign,Benign
Friday-02-03-2018_423.pcap,udp_5142,udp,5142,Benign,Benign,Benign,Benign
Thursday-15-02-2018_156.pcap,tcp_5217,tcp,5217,Benign,Benign,Benign,Benign
Friday-23-02-2018_257.pcap,tcp_7837,tcp,7837,Benign,Benign,Benign,Benign
Wednesday-14-02-2018_133.pcap,udp_4662,udp,4662,Benign,Benign,Benign,Benign
Wednesday-21-02-2018_172.pcap,udp_1882,udp,1882,Benign,Benign,Benign,Benign
Wednesday-21-02-2018_200.pcap,udp_5228,udp,5228,Benign,Benign,Benign,Benign
Thursday-01-03-2018_430.pcap,tcp_1227,tcp,1227,Benign,Benign,Benign,Benign
Friday-16-02-2018_272.pcap,tcp_3841,tcp,3841,Benign,Benign,Benign,Benign
Wednesday-21-02-2018_326.pcap,udp_4302,udp,4302,Benign,Benign,Benign,Benign
Friday-23-02-2018_336.pcap,tcp_3909,tcp,3909,Benign,Benign,Benign,Benign
Thursday-15-02-2018_177.pcap,tcp_3503,tcp,3503,Benign,Benign,Benign,Benign
Wednesday-21-02-2018_182.pcap,udp_2324,udp,2324,Benign,Benign,Benign,Benign
Wednesday-14-02-2018_179.pcap,tcp_3799,tcp,3799,Benign,Benign,Benign,Benign
Friday-16-02-2018_300.pcap,tcp_554,tcp,554,Benign,Benign,Benign,Benign
Wednesday-21-02-2018_191.pcap,udp_6020,udp,6020,Benign,Benign,Benign,Benign
Wednesday-21-02-2018_286.pcap,udp_3195,udp,3195,Benign,Benign,Benign,Benign
Thursday-01-03-2018_360.pcap,tcp_458,tcp,458,Benign,Benign,Benign,Benign
Friday-23-02-2018_321.pcap,tcp_11522,tcp,11522,Benign,Benign,Benign,Benign
Wednesday-21-02-2018_194.pcap,tcp_6225,tcp,6225,Benign,Benign,Benign,Benign
Friday-02-03-2018_59.pcap,udp_4692,udp,4692,Benign,Benign,Benign,Benign
Friday-02-03-2018_66.pcap,tcp_1816,tcp,1816,Benign,Benign,Benign,Benign
Wednesday-21-02-2018_212.pcap,tcp_6769,tcp,6769,Benign,Benign,Benign,Benign
Friday-23-02-2018_303.pcap,tcp_5788,tcp,5788,Benign,Benign,Benign,Benign
Wednesday-21-02-2018_214.pcap,tcp_4471,tcp,4471,Benign,Benign,Benign,Benign
Thursday-01-03-2018_393.pcap,tcp_2928,tcp,2928,Benign,Benign,Benign,Benign
Thursday-15-02-2018_196.pcap,tcp_2924,tcp,2924,Benign,Benign,Benign,Benign
Thursday-22-02-2018_108.pcap,udp_4739,udp,4739,Benign,Benign,Benign,Benign
Thursday-15-02-2018_153.pcap,tcp_1053,tcp,1053,Benign,Benign,Benign,Benign
Wednesday-28-02-2018_94.pcap,tcp_10771,tcp,10771,Benign,Benign,Benign,Benign
Friday-23-02-2018_253.pcap,tcp_1556,tcp,1556,Benign,Benign,Benign,Benign
Wednesday-21-02-2018_153.pcap,tcp_3511,tcp,3511,Benign,Benign,Benign,Benign
Wednesday-21-02-2018_137.pcap,udp_1090,udp,1090,Benign,Benign,Benign,Benign
Friday-23-02-2018_340.pcap,udp_1251,udp,1251,Benign,Benign,Benign,Benign
Wednesday-14-02-2018_146.pcap,tcp_7048,tcp,7048,Benign,Benign,Benign,Benign
Thursday-01-03-2018_421.pcap,tcp_1794,tcp,1794,Benign,Benign,Benign,Benign
Thursday-15-02-2018_172.pcap,tcp_579,tcp,579,Benign,Benign,Benign,Benign
Wednesday-14-02-2018_181.pcap,tcp_658,tcp,658,Benign,Benign,Benign,Benign
Wednesday-21-02-2018_258.pcap,tcp_5152,tcp,5152,Benign,Benign,Benign,Benign
Friday-16-02-2018_275.pcap,tcp_488,tcp,488,Benign,Benign,Benign,Benign
Wednesday-21-02-2018_14.pcap,tcp_1866,tcp,1866,Benign,Benign,Benign,Benign
Wednesday-21-02-2018_223.pcap,udp_836,udp,836,Benign,Benign,Benign,Benign
Friday-23-02-2018_335.pcap,tcp_7961,tcp,7961,Benign,Benign,Benign,Benign
Wednesday-21-02-2018_144.pcap,udp_6474,udp,6474,Benign,Benign,Benign,Benign
Wednesday-21-02-2018_31.pcap,udp_2665,udp,2665,Benign,Benign,Benign,Benign
Wednesday-21-02-2018_237.pcap,udp_4697,udp,4697,Benign,Benign,Benign,Benign
Friday-23-02-2018_22.pcap,udp_2995,udp,2995,Benign,Benign,Benign,Benign
Wednesday-21-02-2018_15.pcap,tcp_1686,tcp,1686,Benign,Benign,Benign,Benign
Friday-16-02-2018_330.pcap,tcp_3905,tcp,3905,Benign,Benign,Benign,Benign
Thursday-22-02-2018_101.pcap,tcp_4861,tcp,4861,Benign,Benign,Benign,Benign
Wednesday-21-02-2018_158.pcap,tcp_1975,tcp,1975,Benign,Benign,Benign,Benign
Wednesday-14-02-2018_141.pcap,udp_1542,udp,1542,Benign,Benign,Benign,Benign
Wednesday-21-02-2018_144.pcap,udp_2184,udp,2184,Benign,Benign,Benign,Benign
Wednesday-21-02-2018_252.pcap,udp_6302,udp,6302,Benign,Benign,Benign,Benign
Wednesday-21-02-2018_100.pcap,udp_2250,udp,2250,Benign,Benign,Benign,Benign
Friday-23-02-2018_341.pcap,tcp_6657,tcp,6657,Benign,Benign,Benign,Benign
Wednesday-14-02-2018_180.pcap,tcp_3351,tcp,3351,Benign,Benign,Benign,Benign
Wednesday-21-02-2018_163.pcap,udp_4602,udp,4602,Benign,Benign,Benign,Benign
Friday-23-02-2018_290.pcap,tcp_7254,tcp,7254,Benign,Benign,Benign,Benign
Thursday-01-03-2018_387.pcap,tcp_7531,tcp,7531,Benign,Benign,Benign,Benign
Friday-16-02-2018_272.pcap,tcp_3496,tcp,3496,Benign,Benign,Benign,Benign
Wednesday-21-02-2018_104.pcap,udp_3352,udp,3352,Benign,Benign,Benign,Benign
Wednesday-21-02-2018_24.pcap,udp_1640,udp,1640,Benign,Benign,Benign,Benign
Friday-16-02-2018_280.pcap,tcp_200,tcp,200,Benign,Benign,Benign,Benign
Wednesday-21-02-2018_158.pcap,tcp_5353,tcp,5353,Benign,Benign,Benign,Benign
Friday-23-02-2018_321.pcap,udp_752,udp,752,Benign,Benign,Benign,Benign
Wednesday-21-02-2018_164.pcap,tcp_9636,tcp,9636,Benign,Benign,Benign,Benign
Thursday-15-02-2018_98.pcap,tcp_2759,tcp,2759,Benign,Benign,Benign,Benign
Wednesday-21-02-2018_195.pcap,tcp_5530,tcp,5530,Benign,Benign,Benign,Benign
Friday-16-02-2018_297.pcap,tcp_4349,tcp,4349,Benign,Benign,Benign,Benign
Friday-23-02-2018_284.pcap,udp_5324,udp,5324,Benign,Benign,Benign,Benign
Thursday-22-02-2018_1.pcap,udp_1687,udp,1687,Benign,Benign,Benign,Benign
Friday-23-02-2018_282.pcap,tcp_1069,tcp,1069,Benign,Benign,Benign,Benign
Thursday-01-03-2018_413.pcap,tcp_4146,tcp,4146,Benign,Benign,Benign,Benign
Friday-16-02-2018_265.pcap,tcp_113,tcp,113,Benign,Benign,Benign,Benign
Friday-16-02-2018_33.pcap,udp_787,udp,787,Benign,Benign,Benign,Benign
Thursday-01-03-2018_401.pcap,tcp_2245,tcp,2245,Benign,Benign,Benign,Benign
Friday-23-02-2018_259.pcap,udp_1953,udp,1953,Benign,Benign,Benign,Benign
Thursday-15-02-2018_145.pcap,udp_6147,udp,6147,Benign,Benign,Benign,Benign
Friday-02-03-2018_93.pcap,tcp_6878,tcp,6878,Benign,Benign,Benign,Benign
Friday-23-02-2018_34.pcap,udp_440,udp,440,Benign,Benign,Benign,Benign
Friday-23-02-2018_314.pcap,tcp_1031,tcp,1031,Benign,Benign,Benign,Benign
Thursday-15-02-2018_191.pcap,tcp_3569,tcp,3569,Benign,Benign,Benign,Benign
Wednesday-14-02-2018_84.pcap,tcp_6082,tcp,6082,Benign,Benign,Benign,Benign
Wednesday-21-02-2018_267.pcap,tcp_1620,tcp,1620,Benign,Benign,Benign,Benign
Wednesday-14-02-2018_157.pcap,tcp_2666,tcp,2666,Benign,Benign,Benign,Benign
Wednesday-21-02-2018_280.pcap,udp_3775,udp,3775,Benign,Benign,Benign,Benign
Friday-16-02-2018_300.pcap,tcp_6953,tcp,6953,Benign,Benign,Benign,Benign
Wednesday-21-02-2018_127.pcap,tcp_3096,tcp,3096,Benign,Benign,Benign,Benign
Friday-23-02-2018_208.pcap,udp_3855,udp,3855,Benign,Benign,Benign,Benign
Wednesday-14-02-2018_78.pcap,udp_321,udp,321,Benign,Benign,Benign,Benign
Thursday-22-02-2018_129.pcap,tcp_6048,tcp,6048,Benign,Benign,Benign,Benign
Wednesday-21-02-2018_148.pcap,udp_4487,udp,4487,Benign,Benign,Benign,Benign
Wednesday-14-02-2018_93.pcap,tcp_6695,tcp,6695,Benign,Benign,Benign,Benign
Thursday-15-02-2018_176.pcap,tcp_1666,tcp,1666,Benign,Benign,Benign,Benign
Thursday-15-02-2018_149.pcap,udp_4816,udp,4816,Benign,Benign,Benign,Benign
Wednesday-21-02-2018_138.pcap,udp_4689,udp,4689,Benign,Benign,Benign,Benign
Wednesday-21-02-2018_112.pcap,tcp_2943,tcp,2943,Benign,Benign,Benign,Benign
Friday-23-02-2018_230.pcap,udp_8,udp,8,Benign,Benign,Benign,Benign
Thursday-01-03-2018_390.pcap,tcp_4087,tcp,4087,Benign,Benign,Benign,Benign
Friday-23-02-2018_205.pcap,udp_1568,udp,1568,Benign,Benign,Benign,Benign
Friday-23-02-2018_257.pcap,tcp_465,tcp,465,Benign,Benign,Benign,Benign
Friday-23-02-2018_296.pcap,tcp_2310,tcp,2310,Benign,Benign,Benign,Benign
Thursday-15-02-2018_127.pcap,udp_4044,udp,4044,Benign,Benign,Benign,Benign
Wednesday-28-02-2018_85.pcap,tcp_7473,tcp,7473,Benign,Benign,Benign,Benign
Wednesday-21-02-2018_299.pcap,tcp_6018,tcp,6018,Benign,Benign,Benign,Benign
Friday-23-02-2018_306.pcap,tcp_4628,tcp,4628,Benign,Benign,Benign,Benign
Wednesday-21-02-2018_287.pcap,tcp_5140,tcp,5140,Benign,Benign,Benign,Benign
Friday-16-02-2018_315.pcap,udp_320,udp,320,Benign,Benign,Benign,Benign
Wednesday-21-02-2018_126.pcap,udp_5676,udp,5676,Benign,Benign,Benign,Benign
Wednesday-21-02-2018_106.pcap,udp_5958,udp,5958,Benign,Benign,Benign,Benign
Friday-23-02-2018_33.pcap,tcp_838,tcp,838,Benign,Benign,Benign,Benign
Wednesday-14-02-2018_159.pcap,tcp_18,tcp,18,Benign,Benign,Benign,Benign
Friday-16-02-2018_303.pcap,tcp_2677,tcp,2677,Benign,Benign,Benign,Benign
Thursday-01-03-2018_369.pcap,tcp_1750,tcp,1750,Benign,Benign,Benign,Benign
Wednesday-21-02-2018_313.pcap,tcp_997,tcp,997,Benign,Benign,Benign,Benign
Friday-23-02-2018_323.pcap,tcp_3234,tcp,3234,Benign,Benign,Benign,Benign
Wednesday-21-02-2018_317.pcap,tcp_2631,tcp,2631,Benign,Benign,Benign,Benign
Thursday-01-03-2018_407.pcap,udp_675,udp,675,Benign,Benign,Benign,Benign
Thursday-15-02-2018_162.pcap,tcp_2215,tcp,2215,Benign,Benign,Benign,Benign
Wednesday-21-02-2018_114.pcap,udp_2972,udp,2972,Benign,Benign,Benign,Benign
Wednesday-21-02-2018_180.pcap,tcp_477,tcp,477,Benign,Benign,Benign,Benign
Friday-02-03-2018_45.pcap,tcp_5761,tcp,5761,Benign,Benign,Benign,Benign
Friday-02-03-2018_87.pcap,udp_1997,udp,1997,Benign,Benign,Benign,Benign
Wednesday-14-02-2018_54.pcap,tcp_2998,tcp,2998,Benign,Benign,Benign,Benign
Wednesday-21-02-2018_201.pcap,udp_580,udp,580,Benign,Benign,Benign,Benign
Thursday-22-02-2018_106.pcap,tcp_8840,tcp,8840,Benign,Benign,Benign,Benign
Friday-23-02-2018_35.pcap,udp_52,udp,52,Benign,Benign,Benign,Benign
Friday-23-02-2018_312.pcap,tcp_3019,tcp,3019,Benign,Benign,Benign,Benign
Wednesday-21-02-2018_306.pcap,udp_1066,udp,1066,Benign,Benign,Benign,Benign
Friday-23-02-2018_287.pcap,udp_2954,udp,2954,Benign,Benign,Benign,Benign
Wednesday-21-02-2018_292.pcap,tcp_7536,tcp,7536,Benign,Benign,Benign,Benign
Thursday-01-03-2018_356.pcap,tcp_452,tcp,452,Benign,Benign,Benign,Benign
Thursday-22-02-2018_114.pcap,udp_14,udp,14,Benign,Benign,Benign,Benign
Wednesday-21-02-2018_147.pcap,udp_1741,udp,1741,Benign,Benign,Benign,Benign
Friday-23-02-2018_319.pcap,tcp_2591,tcp,2591,Benign,Benign,Benign,Benign
Friday-02-03-2018_423.pcap,tcp_10529,tcp,10529,Benign,Benign,Benign,Benign
Thursday-01-03-2018_38.pcap,tcp_4138,tcp,4138,Benign,Benign,Benign,Benign
Wednesday-21-02-2018_176.pcap,udp_2308,udp,2308,Benign,Benign,Benign,Benign
Thursday-15-02-2018_184.pcap,tcp_2419,tcp,2419,Benign,Benign,Benign,Benign
Thursday-01-03-2018_415.pcap,tcp_6542,tcp,6542,Benign,Benign,Benign,Benign
Friday-16-02-2018_290.pcap,tcp_3041,tcp,3041,Benign,Benign,Benign,Benign
Wednesday-21-02-2018_103.pcap,tcp_4354,tcp,4354,Benign,Benign,Benign,Benign
Friday-23-02-2018_220.pcap,tcp_2857,tcp,2857,Benign,Benign,Benign,Benign
Thursday-15-02-2018_148.pcap,udp_4270,udp,4270,Benign,Benign,Benign,Benign
Wednesday-28-02-2018_91.pcap,tcp_18,tcp,18,Benign,Benign,Benign,Benign
Wednesday-21-02-2018_285.pcap,udp_1407,udp,1407,Benign,Benign,Benign,Benign
Wednesday-21-02-2018_214.pcap,tcp_7257,tcp,7257,Benign,Benign,Benign,Benign
Wednesday-14-02-2018_165.pcap,udp_1853,udp,1853,Benign,Benign,Benign,Benign
Wednesday-14-02-2018_84.pcap,udp_2380,udp,2380,Benign,Benign,Benign,Benign
Thursday-15-02-2018_175.pcap,tcp_3900,tcp,3900,Benign,Benign,Benign,Benign
Thursday-01-03-2018_364.pcap,tcp_464,tcp,464,Benign,Benign,Benign,Benign
Friday-16-02-2018_294.pcap,tcp_2022,tcp,2022,Benign,Benign,Benign,Benign
Wednesday-21-02-2018_193.pcap,udp_3175,udp,3175,Benign,Benign,Benign,Benign
Wednesday-21-02-2018_176.pcap,udp_2900,udp,2900,Benign,Benign,Benign,Benign
Thursday-01-03-2018_408.pcap,tcp_4504,tcp,4504,Benign,Benign,Benign,Benign
Friday-23-02-2018_257.pcap,tcp_5500,tcp,5500,Benign,Benign,Benign,Benign
Friday-16-02-2018_100.pcap,udp_3730,udp,3730,Benign,Benign,Benign,Benign
Friday-02-03-2018_95.pcap,tcp_10440,tcp,10440,Benign,Benign,Benign,Benign
Friday-23-02-2018_207.pcap,tcp_9153,tcp,9153,Benign,Benign,Benign,Benign
Friday-23-02-2018_226.pcap,tcp_5293,tcp,5293,Benign,Benign,Benign,Benign
Wednesday-21-02-2018_107.pcap,tcp_3656,tcp,3656,Benign,Benign,Benign,Benign
Friday-16-02-2018_302.pcap,tcp_5454,tcp,5454,Benign,Benign,Benign,Benign
Wednesday-21-02-2018_202.pcap,udp_337,udp,337,Benign,Benign,Benign,Benign
Wednesday-14-02-2018_114.pcap,udp_2652,udp,2652,Benign,Benign,Benign,Benign
Thursday-22-02-2018_11.pcap,tcp_3541,tcp,3541,Benign,Benign,Benign,Benign
Thursday-15-02-2018_136.pcap,tcp_6461,tcp,6461,Benign,Benign,Benign,Benign
Thursday-22-02-2018_124.pcap,udp_1419,udp,1419,Benign,Benign,Benign,Benign
Wednesday-21-02-2018_279.pcap,udp_2311,udp,2311,Benign,Benign,Benign,Benign
Wednesday-21-02-2018_263.pcap,udp_3049,udp,3049,Benign,Benign,Benign,Benign
Friday-16-02-2018_33.pcap,udp_1023,udp,1023,Benign,Benign,Benign,Benign
Thursday-01-03-2018_387.pcap,tcp_5732,tcp,5732,Benign,Benign,Benign,Benign
Wednesday-21-02-2018_25.pcap,udp_1930,udp,1930,Benign,Benign,Benign,Benign
Wednesday-14-02-2018_122.pcap,tcp_3429,tcp,3429,Benign,Benign,Benign,Benign
Wednesday-14-02-2018_127.pcap,udp_616,udp,616,Benign,Benign,Benign,Benign
Friday-02-03-2018_8.pcap,udp_5147,udp,5147,Benign,Benign,Benign,Benign
Friday-16-02-2018_100.pcap,udp_957,udp,957,Benign,Benign,Benign,Benign
Friday-23-02-2018_250.pcap,tcp_1198,tcp,1198,Benign,Benign,Benign,Benign
Friday-23-02-2018_215.pcap,tcp_831,tcp,831,Benign,Benign,Benign,Benign
Friday-16-02-2018_317.pcap,udp_3583,udp,3583,Benign,Benign,Benign,Benign
Wednesday-14-02-2018_78.pcap,udp_5158,udp,5158,Benign,Benign,Benign,Benign
Wednesday-14-02-2018_96.pcap,udp_997,udp,997,Benign,Benign,Benign,Benign
Wednesday-21-02-2018_320.pcap,udp_1632,udp,1632,Benign,Benign,Benign,Benign
Wednesday-14-02-2018_81.pcap,tcp_7303,tcp,7303,Benign,Benign,Benign,Benign
Wednesday-21-02-2018_168.pcap,udp_1674,udp,1674,Benign,Benign,Benign,Benign
Friday-02-03-2018_57.pcap,tcp_1154,tcp,1154,Benign,Benign,Benign,Benign
Friday-23-02-2018_211.pcap,tcp_4452,tcp,4452,Benign,Benign,Benign,Benign
Wednesday-21-02-2018_248.pcap,udp_812,udp,812,Benign,Benign,Benign,Benign
Friday-16-02-2018_264.pcap,tcp_5004,tcp,5004,Benign,Benign,Benign,Benign
Friday-23-02-2018_304.pcap,udp_4654,udp,4654,Benign,Benign,Benign,Benign
Wednesday-14-02-2018_160.pcap,tcp_5935,tcp,5935,Benign,Benign,Benign,Benign
Wednesday-14-02-2018_129.pcap,tcp_2306,tcp,2306,Benign,Benign,Benign,Benign
Wednesday-21-02-2018_103.pcap,tcp_1011,tcp,1011,Benign,Benign,Benign,Benign
Wednesday-21-02-2018_327.pcap,tcp_2618,tcp,2618,Benign,Benign,Benign,Benign
Friday-23-02-2018_347.pcap,tcp_3298,tcp,3298,Benign,Benign,Benign,Benign
Wednesday-21-02-2018_310.pcap,udp_1873,udp,1873,Benign,Benign,Benign,Benign
Wednesday-14-02-2018_181.pcap,udp_2503,udp,2503,Benign,Benign,Benign,Benign
Wednesday-14-02-2018_160.pcap,udp_1122,udp,1122,Benign,Benign,Benign,Benign
Wednesday-21-02-2018_240.pcap,tcp_6940,tcp,6940,Benign,Benign,Benign,Benign
Friday-23-02-2018_332.pcap,tcp_6367,tcp,6367,Benign,Benign,Benign,Benign
Friday-23-02-2018_288.pcap,tcp_4504,tcp,4504,Benign,Benign,Benign,Benign
Friday-23-02-2018_293.pcap,tcp_3423,tcp,3423,Benign,Benign,Benign,Benign
Friday-23-02-2018_343.pcap,udp_3508,udp,3508,Benign,Benign,Benign,Benign
Friday-23-02-2018_248.pcap,udp_1305,udp,1305,Benign,Benign,Benign,Benign
Wednesday-21-02-2018_149.pcap,tcp_3557,tcp,3557,Benign,Benign,Benign,Benign
Wednesday-21-02-2018_3.pcap,tcp_2861,tcp,2861,Benign,Benign,Benign,Benign
Thursday-01-03-2018_398.pcap,tcp_197,tcp,197,Benign,Benign,Benign,Benign
Wednesday-21-02-2018_131.pcap,tcp_3431,tcp,3431,Benign,Benign,Benign,Benign
Thursday-15-02-2018_175.pcap,tcp_6672,tcp,6672,Benign,Benign,Benign,Benign
Friday-16-02-2018_280.pcap,tcp_7222,tcp,7222,Benign,Benign,Benign,Benign
Thursday-22-02-2018_12.pcap,tcp_335,tcp,335,Benign,Benign,Benign,Benign
Friday-16-02-2018_316.pcap,udp_1052,udp,1052,Benign,Benign,Benign,Benign
Wednesday-21-02-2018_131.pcap,tcp_200,tcp,200,Benign,Benign,Benign,Benign
Friday-02-03-2018_92.pcap,tcp_5799,tcp,5799,Benign,Benign,Benign,Benign
Wednesday-21-02-2018_157.pcap,tcp_50,tcp,50,Benign,Benign,Benign,Benign
Wednesday-21-02-2018_230.pcap,tcp_5818,tcp,5818,Benign,Benign,Benign,Benign
Wednesday-21-02-2018_220.pcap,tcp_3502,tcp,3502,Benign,Benign,Benign,Benign
Thursday-15-02-2018_148.pcap,udp_970,udp,970,Benign,Benign,Benign,Benign
Thursday-01-03-2018_423.pcap,udp_903,udp,903,Benign,Benign,Benign,Benign
Friday-16-02-2018_111.pcap,tcp_3465,tcp,3465,Benign,Benign,Benign,Benign
Friday-23-02-2018_344.pcap,tcp_207,tcp,207,Benign,Benign,Benign,Benign
Friday-02-03-2018_68.pcap,tcp_1996,tcp,1996,Benign,Benign,Benign,Benign
Thursday-01-03-2018_366.pcap,tcp_800,tcp,800,Benign,Benign,Benign,Benign
Thursday-22-02-2018_115.pcap,udp_1066,udp,1066,Benign,Benign,Benign,Benign
Friday-16-02-2018_26.pcap,tcp_2632,tcp,2632,Benign,Benign,Benign,Benign
Wednesday-21-02-2018_1.pcap,tcp_7552,tcp,7552,Benign,Benign,Benign,Benign
Wednesday-14-02-2018_149.pcap,udp_2805,udp,2805,Benign,Benign,Benign,Benign
Friday-23-02-2018_347.pcap,tcp_8171,tcp,8171,Benign,Benign,Benign,Benign
Friday-23-02-2018_319.pcap,udp_3631,udp,3631,Benign,Benign,Benign,Benign
Wednesday-28-02-2018_94.pcap,tcp_1416,tcp,1416,Benign,Benign,Benign,Benign
Wednesday-21-02-2018_117.pcap,udp_605,udp,605,Benign,Benign,Benign,Benign
Wednesday-28-02-2018_90.pcap,tcp_5538,tcp,5538,Benign,Benign,Benign,Benign
Wednesday-21-02-2018_195.pcap,tcp_4155,tcp,4155,Benign,Benign,Benign,Benign
Friday-16-02-2018_10.pcap,udp_3281,udp,3281,Benign,Benign,Benign,Benign
Thursday-15-02-2018_167.pcap,udp_6293,udp,6293,Benign,Benign,Benign,Benign
Wednesday-14-02-2018_84.pcap,udp_5555,udp,5555,Benign,Benign,Benign,Benign
Wednesday-14-02-2018_103.pcap,udp_3792,udp,3792,Benign,Benign,Benign,Benign
Wednesday-21-02-2018_268.pcap,udp_3244,udp,3244,Benign,Benign,Benign,Benign
Thursday-22-02-2018_105.pcap,udp_3145,udp,3145,Benign,Benign,Benign,Benign
Friday-23-02-2018_212.pcap,tcp_4116,tcp,4116,Benign,Benign,Benign,Benign
Wednesday-14-02-2018_172.pcap,tcp_4572,tcp,4572,Benign,Benign,Benign,Benign
Friday-23-02-2018_202.pcap,tcp_8705,tcp,8705,Benign,Benign,Benign,Benign
Wednesday-21-02-2018_17.pcap,udp_385,udp,385,Benign,Benign,Benign,Benign
Wednesday-14-02-2018_98.pcap,tcp_2593,tcp,2593,Benign,Benign,Benign,Benign
Friday-16-02-2018_300.pcap,udp_818,udp,818,Benign,Benign,Benign,Benign
Friday-23-02-2018_321.pcap,tcp_7755,tcp,7755,Benign,Benign,Benign,Benign
Thursday-15-02-2018_81.pcap,tcp_500,tcp,500,Benign,Benign,Benign,Benign
Wednesday-21-02-2018_191.pcap,udp_2741,udp,2741,Benign,Benign,Benign,Benign
Friday-16-02-2018_319.pcap,tcp_4738,tcp,4738,Benign,Benign,Benign,Benign
Thursday-22-02-2018_134.pcap,tcp_3530,tcp,3530,Benign,Benign,Benign,Benign
Friday-23-02-2018_347.pcap,udp_2140,udp,2140,Benign,Benign,Benign,Benign
Friday-16-02-2018_324.pcap,tcp_2750,tcp,2750,Benign,Benign,Benign,Benign
Friday-23-02-2018_213.pcap,tcp_2929,tcp,2929,Benign,Benign,Benign,Benign
Thursday-15-02-2018_186.pcap,tcp_3159,tcp,3159,Benign,Benign,Benign,Benign
Friday-23-02-2018_309.pcap,tcp_34,tcp,34,Benign,Benign,Benign,Benign
Friday-23-02-2018_292.pcap,tcp_1556,tcp,1556,Benign,Benign,Benign,Benign
Thursday-15-02-2018_187.pcap,udp_1315,udp,1315,Benign,Benign,Benign,Benign
Wednesday-21-02-2018_313.pcap,tcp_6310,tcp,6310,Benign,Benign,Benign,Benign
Friday-23-02-2018_213.pcap,udp_5801,udp,5801,Benign,Benign,Benign,Benign
Wednesday-21-02-2018_291.pcap,udp_847,udp,847,Benign,Benign,Benign,Benign
Wednesday-21-02-2018_101.pcap,tcp_3390,tcp,3390,Benign,Benign,Benign,Benign
Friday-23-02-2018_238.pcap,tcp_6703,tcp,6703,Benign,Benign,Benign,Benign
Wednesday-28-02-2018_94.pcap,tcp_6714,tcp,6714,Benign,Benign,Benign,Benign
Wednesday-14-02-2018_150.pcap,udp_4373,udp,4373,Benign,Benign,Benign,Benign
Thursday-01-03-2018_419.pcap,tcp_3572,tcp,3572,Benign,Benign,Benign,Benign
Friday-16-02-2018_102.pcap,tcp_7896,tcp,7896,Benign,Benign,Benign,Benign
Wednesday-21-02-2018_120.pcap,udp_2569,udp,2569,Benign,Benign,Benign,Benign
Thursday-22-02-2018_138.pcap,udp_5763,udp,5763,Benign,Benign,Benign,Benign
Friday-23-02-2018_30.pcap,udp_4316,udp,4316,Benign,Benign,Benign,Benign
Thursday-01-03-2018_37.pcap,tcp_9503,tcp,9503,Benign,Benign,Benign,Benign
Friday-23-02-2018_231.pcap,udp_1839,udp,1839,Benign,Benign,Benign,Benign
Wednesday-28-02-2018_87.pcap,tcp_3674,tcp,3674,Benign,Benign,Benign,Benign
Friday-16-02-2018_261.pcap,tcp_1291,tcp,1291,Benign,Benign,Benign,Benign
Wednesday-21-02-2018_19.pcap,tcp_5968,tcp,5968,Benign,Benign,Benign,Benign
Friday-23-02-2018_340.pcap,tcp_3323,tcp,3323,Benign,Benign,Benign,Benign
Friday-23-02-2018_323.pcap,tcp_8110,tcp,8110,Benign,Benign,Benign,Benign
Wednesday-21-02-2018_171.pcap,udp_887,udp,887,Benign,Benign,Benign,Benign
Thursday-01-03-2018_44.pcap,udp_2755,udp,2755,Benign,Benign,Benign,Benign
Wednesday-14-02-2018_156.pcap,udp_1596,udp,1596,Benign,Benign,Benign,Benign
Friday-23-02-2018_212.pcap,tcp_1598,tcp,1598,Benign,Benign,Benign,Benign
Thursday-01-03-2018_356.pcap,tcp_1433,tcp,1433,Benign,Benign,Benign,Benign
Friday-23-02-2018_238.pcap,udp_2135,udp,2135,Benign,Benign,Benign,Benign
Thursday-15-02-2018_156.pcap,tcp_92,tcp,92,Benign,Benign,Benign,Benign
Wednesday-21-02-2018_198.pcap,udp_78,udp,78,Benign,Benign,Benign,Benign
Thursday-22-02-2018_134.pcap,tcp_4477,tcp,4477,Benign,Benign,Benign,Benign
Friday-16-02-2018_278.pcap,udp_4650,udp,4650,Benign,Benign,Benign,Benign
Wednesday-21-02-2018_270.pcap,tcp_6829,tcp,6829,Benign,Benign,Benign,Benign
Friday-23-02-2018_202.pcap,tcp_1825,tcp,1825,Benign,Benign,Benign,Benign
Friday-23-02-2018_202.pcap,udp_2701,udp,2701,Benign,Benign,Benign,Benign
Friday-23-02-2018_204.pcap,udp_2886,udp,2886,Benign,Benign,Benign,Benign
Friday-23-02-2018_202.pcap,udp_5723,udp,5723,Benign,Benign,Benign,Benign
Friday-23-02-2018_204.pcap,udp_1619,udp,1619,Benign,Benign,Benign,Benign
Friday-23-02-2018_205.pcap,udp_2040,udp,2040,Benign,Benign,Benign,Benign
Friday-23-02-2018_203.pcap,tcp_1744,tcp,1744,Benign,Benign,Benign,Benign
Friday-23-02-2018_203.pcap,udp_2952,udp,2952,Benign,Benign,Benign,Benign
Friday-23-02-2018_201.pcap,udp_4304,udp,4304,Benign,Benign,Benign,Benign
Friday-23-02-2018_203.pcap,udp_794,udp,794,Benign,Benign,Benign,Benign
Friday-23-02-2018_202.pcap,udp_2775,udp,2775,Benign,Benign,Benign,Benign
Friday-23-02-2018_203.pcap,udp_793,udp,793,Benign,Benign,Benign,Benign
Friday-23-02-2018_203.pcap,udp_6411,udp,6411,Benign,Benign,Benign,Benign
Friday-23-02-2018_205.pcap,udp_2759,udp,2759,Benign,Benign,Benign,Benign
Friday-23-02-2018_205.pcap,udp_4057,udp,4057,Benign,Benign,Benign,Benign
Friday-23-02-2018_204.pcap,udp_6599,udp,6599,Benign,Benign,Benign,Benign
Friday-23-02-2018_202.pcap,udp_4564,udp,4564,Benign,Benign,Benign,Benign
Friday-23-02-2018_205.pcap,udp_724,udp,724,Benign,Benign,Benign,Benign
Friday-23-02-2018_202.pcap,tcp_262,tcp,262,Benign,Benign,Benign,Benign
Friday-23-02-2018_203.pcap,udp_3197,udp,3197,Benign,Benign,Benign,Benign
Friday-23-02-2018_205.pcap,udp_3377,udp,3377,Benign,Benign,Benign,Benign
Friday-23-02-2018_202.pcap,udp_3462,udp,3462,Benign,Benign,Benign,Benign
Friday-23-02-2018_203.pcap,udp_2481,udp,2481,Benign,Benign,Benign,Benign
Friday-23-02-2018_203.pcap,udp_5743,udp,5743,Benign,Benign,Benign,Benign
Friday-23-02-2018_203.pcap,udp_5233,udp,5233,Benign,Benign,Benign,Benign
Friday-23-02-2018_203.pcap,udp_1391,udp,1391,Benign,Benign,Benign,Benign
Friday-23-02-2018_204.pcap,udp_2687,udp,2687,Benign,Benign,Benign,Benign
Friday-23-02-2018_204.pcap,udp_22,udp,22,Benign,Benign,Benign,Benign
Friday-23-02-2018_205.pcap,udp_5231,udp,5231,Benign,Benign,Benign,Benign
Friday-23-02-2018_202.pcap,udp_2614,udp,2614,Benign,Benign,Benign,Benign
Friday-23-02-2018_201.pcap,udp_3305,udp,3305,Benign,Benign,Benign,Benign
Friday-23-02-2018_205.pcap,udp_1376,udp,1376,Benign,Benign,Benign,Benign
Friday-23-02-2018_205.pcap,udp_46,udp,46,Benign,Benign,Benign,Benign
Friday-23-02-2018_203.pcap,udp_633,udp,633,Benign,Benign,Benign,Benign
Friday-23-02-2018_201.pcap,udp_2122,udp,2122,Benign,Benign,Benign,Benign
Friday-23-02-2018_203.pcap,udp_6190,udp,6190,Benign,Benign,Benign,Benign
Friday-23-02-2018_205.pcap,udp_2029,udp,2029,Benign,Benign,Benign,Benign
Friday-23-02-2018_204.pcap,udp_626,udp,626,Benign,Benign,Benign,Benign
Friday-23-02-2018_203.pcap,udp_4125,udp,4125,Benign,Benign,Benign,Benign
Friday-23-02-2018_203.pcap,udp_5988,udp,5988,Benign,Benign,Benign,Benign
Friday-23-02-2018_204.pcap,udp_4914,udp,4914,Benign,Benign,Benign,Benign
Friday-23-02-2018_205.pcap,udp_1854,udp,1854,Benign,Benign,Benign,Benign
Friday-23-02-2018_202.pcap,udp_536,udp,536,Benign,Benign,Benign,Benign
Friday-23-02-2018_203.pcap,udp_2863,udp,2863,Benign,Benign,Benign,Benign
Friday-23-02-2018_205.pcap,udp_2936,udp,2936,Benign,Benign,Benign,Benign
Friday-23-02-2018_203.pcap,udp_5163,udp,5163,Benign,Benign,Benign,Benign
Friday-23-02-2018_204.pcap,udp_6260,udp,6260,Benign,Benign,Benign,Benign
Friday-23-02-2018_203.pcap,udp_4122,udp,4122,Benign,Benign,Benign,Benign
Friday-23-02-2018_205.pcap,udp_311,udp,311,Benign,Benign,Benign,Benign
Friday-23-02-2018_203.pcap,udp_805,udp,805,Benign,Benign,Benign,Benign
Friday-23-02-2018_201.pcap,udp_5480,udp,5480,Benign,Benign,Benign,Benign
Friday-23-02-2018_202.pcap,udp_4196,udp,4196,Benign,Benign,Benign,Benign
Friday-16-02-2018_442.pcap,tcp_121260,tcp,121260,Hulk,Malware,DoS,Hulk
Friday-16-02-2018_442.pcap,tcp_158027,tcp,158027,Hulk,Malware,DoS,Hulk
Friday-16-02-2018_442.pcap,tcp_166178,tcp,166178,Hulk,Malware,DoS,Hulk
Friday-16-02-2018_442.pcap,tcp_161543,tcp,161543,Hulk,Malware,DoS,Hulk
Friday-16-02-2018_442.pcap,tcp_161482,tcp,161482,Hulk,Malware,DoS,Hulk
Friday-16-02-2018_442.pcap,tcp_133253,tcp,133253,Hulk,Malware,DoS,Hulk
Friday-16-02-2018_442.pcap,tcp_149605,tcp,149605,Hulk,Malware,DoS,Hulk
Friday-16-02-2018_442.pcap,tcp_171189,tcp,171189,Hulk,Malware,DoS,Hulk
Friday-16-02-2018_442.pcap,tcp_123767,tcp,123767,Hulk,Malware,DoS,Hulk
Friday-16-02-2018_442.pcap,tcp_173713,tcp,173713,Hulk,Malware,DoS,Hulk
Friday-16-02-2018_442.pcap,tcp_117500,tcp,117500,Hulk,Malware,DoS,Hulk
Friday-16-02-2018_442.pcap,tcp_139633,tcp,139633,Hulk,Malware,DoS,Hulk
Friday-16-02-2018_442.pcap,tcp_167165,tcp,167165,Hulk,Malware,DoS,Hulk
Friday-16-02-2018_442.pcap,tcp_162966,tcp,162966,Hulk,Malware,DoS,Hulk
Friday-16-02-2018_442.pcap,tcp_170850,tcp,170850,Hulk,Malware,DoS,Hulk
Friday-16-02-2018_442.pcap,tcp_168309,tcp,168309,Hulk,Malware,DoS,Hulk
Friday-16-02-2018_442.pcap,tcp_152816,tcp,152816,Hulk,Malware,DoS,Hulk
Friday-16-02-2018_442.pcap,tcp_119161,tcp,119161,Hulk,Malware,DoS,Hulk
Friday-16-02-2018_442.pcap,tcp_114262,tcp,114262,Hulk,Malware,DoS,Hulk
Friday-16-02-2018_442.pcap,tcp_169207,tcp,169207,Hulk,Malware,DoS,Hulk
Friday-16-02-2018_442.pcap,tcp_134391,tcp,134391,Hulk,Malware,DoS,Hulk
Friday-16-02-2018_442.pcap,tcp_125761,tcp,125761,Hulk,Malware,DoS,Hulk
Friday-16-02-2018_442.pcap,tcp_165846,tcp,165846,Hulk,Malware,DoS,Hulk
Friday-16-02-2018_442.pcap,tcp_150032,tcp,150032,Hulk,Malware,DoS,Hulk
Friday-16-02-2018_442.pcap,tcp_131236,tcp,131236,Hulk,Malware,DoS,Hulk
Friday-16-02-2018_442.pcap,tcp_133103,tcp,133103,Hulk,Malware,DoS,Hulk
Friday-16-02-2018_442.pcap,tcp_133874,tcp,133874,Hulk,Malware,DoS,Hulk
Friday-16-02-2018_442.pcap,tcp_169369,tcp,169369,Hulk,Malware,DoS,Hulk
Friday-16-02-2018_442.pcap,tcp_154412,tcp,154412,Hulk,Malware,DoS,Hulk
Friday-16-02-2018_442.pcap,tcp_126635,tcp,126635,Hulk,Malware,DoS,Hulk
Friday-16-02-2018_442.pcap,tcp_126940,tcp,126940,Hulk,Malware,DoS,Hulk
Friday-16-02-2018_442.pcap,tcp_128199,tcp,128199,Hulk,Malware,DoS,Hulk
Friday-16-02-2018_442.pcap,tcp_114764,tcp,114764,Hulk,Malware,DoS,Hulk
Friday-16-02-2018_442.pcap,tcp_164508,tcp,164508,Hulk,Malware,DoS,Hulk
Friday-16-02-2018_442.pcap,tcp_145593,tcp,145593,Hulk,Malware,DoS,Hulk
Friday-16-02-2018_442.pcap,tcp_112387,tcp,112387,Hulk,Malware,DoS,Hulk
Friday-16-02-2018_442.pcap,tcp_112756,tcp,112756,Hulk,Malware,DoS,Hulk
Friday-16-02-2018_442.pcap,tcp_139537,tcp,139537,Hulk,Malware,DoS,Hulk
Friday-16-02-2018_442.pcap,tcp_174653,tcp,174653,Hulk,Malware,DoS,Hulk
Friday-16-02-2018_442.pcap,tcp_170359,tcp,170359,Hulk,Malware,DoS,Hulk
Friday-16-02-2018_442.pcap,tcp_157957,tcp,157957,Hulk,Malware,DoS,Hulk
Friday-16-02-2018_442.pcap,tcp_165927,tcp,165927,Hulk,Malware,DoS,Hulk
Friday-16-02-2018_442.pcap,tcp_163155,tcp,163155,Hulk,Malware,DoS,Hulk
Friday-16-02-2018_442.pcap,tcp_118902,tcp,118902,Hulk,Malware,DoS,Hulk
Friday-16-02-2018_442.pcap,tcp_109463,tcp,109463,Hulk,Malware,DoS,Hulk
Friday-16-02-2018_442.pcap,tcp_159207,tcp,159207,Hulk,Malware,DoS,Hulk
Friday-16-02-2018_442.pcap,tcp_142789,tcp,142789,Hulk,Malware,DoS,Hulk
Friday-16-02-2018_442.pcap,tcp_129904,tcp,129904,Hulk,Malware,DoS,Hulk
Friday-16-02-2018_442.pcap,tcp_132001,tcp,132001,Hulk,Malware,DoS,Hulk
Friday-16-02-2018_442.pcap,tcp_138281,tcp,138281,Hulk,Malware,DoS,Hulk
Friday-16-02-2018_442.pcap,tcp_145427,tcp,145427,Hulk,Malware,DoS,Hulk
Friday-16-02-2018_442.pcap,tcp_113243,tcp,113243,Hulk,Malware,DoS,Hulk
Friday-16-02-2018_442.pcap,tcp_130831,tcp,130831,Hulk,Malware,DoS,Hulk
Friday-16-02-2018_442.pcap,tcp_149371,tcp,149371,Hulk,Malware,DoS,Hulk
Friday-16-02-2018_442.pcap,tcp_128879,tcp,128879,Hulk,Malware,DoS,Hulk
Friday-16-02-2018_442.pcap,tcp_172485,tcp,172485,Hulk,Malware,DoS,Hulk
Friday-16-02-2018_442.pcap,tcp_118336,tcp,118336,Hulk,Malware,DoS,Hulk
Friday-16-02-2018_442.pcap,tcp_122609,tcp,122609,Hulk,Malware,DoS,Hulk
Friday-16-02-2018_442.pcap,tcp_140451,tcp,140451,Hulk,Malware,DoS,Hulk
Friday-16-02-2018_442.pcap,tcp_177151,tcp,177151,Hulk,Malware,DoS,Hulk
Friday-16-02-2018_442.pcap,tcp_119812,tcp,119812,Hulk,Malware,DoS,Hulk
Friday-16-02-2018_442.pcap,tcp_167433,tcp,167433,Hulk,Malware,DoS,Hulk
Friday-16-02-2018_442.pcap,tcp_134448,tcp,134448,Hulk,Malware,DoS,Hulk
Friday-16-02-2018_442.pcap,tcp_149829,tcp,149829,Hulk,Malware,DoS,Hulk
Friday-16-02-2018_442.pcap,tcp_106646,tcp,106646,Hulk,Malware,DoS,Hulk
Friday-16-02-2018_442.pcap,tcp_151121,tcp,151121,Hulk,Malware,DoS,Hulk
Friday-16-02-2018_442.pcap,tcp_149776,tcp,149776,Hulk,Malware,DoS,Hulk
Friday-16-02-2018_442.pcap,tcp_157563,tcp,157563,Hulk,Malware,DoS,Hulk
Friday-16-02-2018_442.pcap,tcp_123405,tcp,123405,Hulk,Malware,DoS,Hulk
Friday-16-02-2018_442.pcap,tcp_138442,tcp,138442,Hulk,Malware,DoS,Hulk
Friday-16-02-2018_442.pcap,tcp_113417,tcp,113417,Hulk,Malware,DoS,Hulk
Friday-16-02-2018_442.pcap,tcp_151018,tcp,151018,Hulk,Malware,DoS,Hulk
Friday-16-02-2018_442.pcap,tcp_165278,tcp,165278,Hulk,Malware,DoS,Hulk
Friday-16-02-2018_442.pcap,tcp_143264,tcp,143264,Hulk,Malware,DoS,Hulk
Friday-16-02-2018_442.pcap,tcp_132425,tcp,132425,Hulk,Malware,DoS,Hulk
Friday-16-02-2018_442.pcap,tcp_170615,tcp,170615,Hulk,Malware,DoS,Hulk
Friday-16-02-2018_442.pcap,tcp_116449,tcp,116449,Hulk,Malware,DoS,Hulk
Friday-16-02-2018_442.pcap,tcp_141529,tcp,141529,Hulk,Malware,DoS,Hulk
Friday-16-02-2018_442.pcap,tcp_159008,tcp,159008,Hulk,Malware,DoS,Hulk
Friday-16-02-2018_442.pcap,tcp_172994,tcp,172994,Hulk,Malware,DoS,Hulk
Friday-16-02-2018_442.pcap,tcp_155275,tcp,155275,Hulk,Malware,DoS,Hulk
Friday-16-02-2018_442.pcap,tcp_151770,tcp,151770,Hulk,Malware,DoS,Hulk
Friday-16-02-2018_442.pcap,tcp_113580,tcp,113580,Hulk,Malware,DoS,Hulk
Friday-16-02-2018_442.pcap,tcp_130529,tcp,130529,Hulk,Malware,DoS,Hulk
Friday-16-02-2018_442.pcap,tcp_133754,tcp,133754,Hulk,Malware,DoS,Hulk
Friday-16-02-2018_442.pcap,tcp_163414,tcp,163414,Hulk,Malware,DoS,Hulk
Friday-16-02-2018_442.pcap,tcp_179273,tcp,179273,Hulk,Malware,DoS,Hulk
Friday-16-02-2018_442.pcap,tcp_110046,tcp,110046,Hulk,Malware,DoS,Hulk
Friday-16-02-2018_442.pcap,tcp_115824,tcp,115824,Hulk,Malware,DoS,Hulk
Friday-16-02-2018_442.pcap,tcp_145695,tcp,145695,Hulk,Malware,DoS,Hulk
Friday-16-02-2018_442.pcap,tcp_157419,tcp,157419,Hulk,Malware,DoS,Hulk
Friday-16-02-2018_442.pcap,tcp_139760,tcp,139760,Hulk,Malware,DoS,Hulk
Friday-16-02-2018_442.pcap,tcp_146478,tcp,146478,Hulk,Malware,DoS,Hulk
Friday-16-02-2018_442.pcap,tcp_108053,tcp,108053,Hulk,Malware,DoS,Hulk
Friday-16-02-2018_442.pcap,tcp_127006,tcp,127006,Hulk,Malware,DoS,Hulk
Friday-16-02-2018_442.pcap,tcp_117184,tcp,117184,Hulk,Malware,DoS,Hulk
Friday-16-02-2018_442.pcap,tcp_172672,tcp,172672,Hulk,Malware,DoS,Hulk
Friday-16-02-2018_442.pcap,tcp_118324,tcp,118324,Hulk,Malware,DoS,Hulk
Friday-16-02-2018_442.pcap,tcp_163907,tcp,163907,Hulk,Malware,DoS,Hulk
Friday-16-02-2018_442.pcap,tcp_137189,tcp,137189,Hulk,Malware,DoS,Hulk
Friday-16-02-2018_442.pcap,tcp_168295,tcp,168295,Hulk,Malware,DoS,Hulk
Friday-16-02-2018_442.pcap,tcp_116508,tcp,116508,Hulk,Malware,DoS,Hulk
Friday-16-02-2018_442.pcap,tcp_152833,tcp,152833,Hulk,Malware,DoS,Hulk
Friday-16-02-2018_442.pcap,tcp_134054,tcp,134054,Hulk,Malware,DoS,Hulk
Friday-16-02-2018_442.pcap,tcp_123595,tcp,123595,Hulk,Malware,DoS,Hulk
Friday-16-02-2018_442.pcap,tcp_113161,tcp,113161,Hulk,Malware,DoS,Hulk
Friday-16-02-2018_442.pcap,tcp_127136,tcp,127136,Hulk,Malware,DoS,Hulk
Friday-16-02-2018_442.pcap,tcp_173454,tcp,173454,Hulk,Malware,DoS,Hulk
Friday-16-02-2018_442.pcap,tcp_128144,tcp,128144,Hulk,Malware,DoS,Hulk
Friday-16-02-2018_442.pcap,tcp_122745,tcp,122745,Hulk,Malware,DoS,Hulk
Friday-16-02-2018_442.pcap,tcp_116198,tcp,116198,Hulk,Malware,DoS,Hulk
Friday-16-02-2018_442.pcap,tcp_134122,tcp,134122,Hulk,Malware,DoS,Hulk
Friday-16-02-2018_442.pcap,tcp_114613,tcp,114613,Hulk,Malware,DoS,Hulk
Friday-16-02-2018_442.pcap,tcp_151421,tcp,151421,Hulk,Malware,DoS,Hulk
Friday-16-02-2018_442.pcap,tcp_109497,tcp,109497,Hulk,Malware,DoS,Hulk
Friday-16-02-2018_442.pcap,tcp_138876,tcp,138876,Hulk,Malware,DoS,Hulk
Friday-16-02-2018_442.pcap,tcp_161839,tcp,161839,Hulk,Malware,DoS,Hulk
Friday-16-02-2018_442.pcap,tcp_151226,tcp,151226,Hulk,Malware,DoS,Hulk
Friday-16-02-2018_442.pcap,tcp_151250,tcp,151250,Hulk,Malware,DoS,Hulk
Friday-16-02-2018_442.pcap,tcp_158599,tcp,158599,Hulk,Malware,DoS,Hulk
Friday-16-02-2018_442.pcap,tcp_159681,tcp,159681,Hulk,Malware,DoS,Hulk
Friday-16-02-2018_442.pcap,tcp_123760,tcp,123760,Hulk,Malware,DoS,Hulk
Friday-16-02-2018_442.pcap,tcp_108436,tcp,108436,Hulk,Malware,DoS,Hulk
Friday-16-02-2018_442.pcap,tcp_153633,tcp,153633,Hulk,Malware,DoS,Hulk
Friday-16-02-2018_442.pcap,tcp_127793,tcp,127793,Hulk,Malware,DoS,Hulk
Friday-16-02-2018_442.pcap,tcp_123966,tcp,123966,Hulk,Malware,DoS,Hulk
Friday-16-02-2018_442.pcap,tcp_176101,tcp,176101,Hulk,Malware,DoS,Hulk
Friday-16-02-2018_442.pcap,tcp_155324,tcp,155324,Hulk,Malware,DoS,Hulk
Friday-16-02-2018_442.pcap,tcp_147554,tcp,147554,Hulk,Malware,DoS,Hulk
Friday-16-02-2018_442.pcap,tcp_169288,tcp,169288,Hulk,Malware,DoS,Hulk
Friday-16-02-2018_442.pcap,tcp_128233,tcp,128233,Hulk,Malware,DoS,Hulk
Friday-16-02-2018_442.pcap,tcp_158989,tcp,158989,Hulk,Malware,DoS,Hulk
Friday-16-02-2018_442.pcap,tcp_179279,tcp,179279,Hulk,Malware,DoS,Hulk
Friday-16-02-2018_442.pcap,tcp_113982,tcp,113982,Hulk,Malware,DoS,Hulk
Friday-16-02-2018_442.pcap,tcp_114637,tcp,114637,Hulk,Malware,DoS,Hulk
Friday-16-02-2018_442.pcap,tcp_151516,tcp,151516,Hulk,Malware,DoS,Hulk
Friday-16-02-2018_442.pcap,tcp_115400,tcp,115400,Hulk,Malware,DoS,Hulk
Friday-16-02-2018_442.pcap,tcp_117735,tcp,117735,Hulk,Malware,DoS,Hulk
Friday-16-02-2018_442.pcap,tcp_133628,tcp,133628,Hulk,Malware,DoS,Hulk
Friday-16-02-2018_442.pcap,tcp_177106,tcp,177106,Hulk,Malware,DoS,Hulk
Friday-16-02-2018_442.pcap,tcp_111209,tcp,111209,Hulk,Malware,DoS,Hulk
Friday-16-02-2018_442.pcap,tcp_173740,tcp,173740,Hulk,Malware,DoS,Hulk
Friday-16-02-2018_442.pcap,tcp_132800,tcp,132800,Hulk,Malware,DoS,Hulk
Friday-16-02-2018_442.pcap,tcp_138824,tcp,138824,Hulk,Malware,DoS,Hulk
Friday-16-02-2018_442.pcap,tcp_113189,tcp,113189,Hulk,Malware,DoS,Hulk
Friday-16-02-2018_442.pcap,tcp_111013,tcp,111013,Hulk,Malware,DoS,Hulk
Friday-16-02-2018_442.pcap,tcp_175821,tcp,175821,Hulk,Malware,DoS,Hulk
Friday-16-02-2018_442.pcap,tcp_150853,tcp,150853,Hulk,Malware,DoS,Hulk
Friday-16-02-2018_442.pcap,tcp_162384,tcp,162384,Hulk,Malware,DoS,Hulk
Friday-16-02-2018_442.pcap,tcp_110366,tcp,110366,Hulk,Malware,DoS,Hulk
Friday-16-02-2018_442.pcap,tcp_175482,tcp,175482,Hulk,Malware,DoS,Hulk
Friday-16-02-2018_442.pcap,tcp_138899,tcp,138899,Hulk,Malware,DoS,Hulk
Friday-16-02-2018_442.pcap,tcp_140861,tcp,140861,Hulk,Malware,DoS,Hulk
Friday-16-02-2018_442.pcap,tcp_138476,tcp,138476,Hulk,Malware,DoS,Hulk
Friday-16-02-2018_442.pcap,tcp_113693,tcp,113693,Hulk,Malware,DoS,Hulk
Friday-16-02-2018_442.pcap,tcp_165133,tcp,165133,Hulk,Malware,DoS,Hulk
Friday-16-02-2018_442.pcap,tcp_149566,tcp,149566,Hulk,Malware,DoS,Hulk
Friday-16-02-2018_442.pcap,tcp_173192,tcp,173192,Hulk,Malware,DoS,Hulk
Friday-16-02-2018_442.pcap,tcp_123303,tcp,123303,Hulk,Malware,DoS,Hulk
Friday-16-02-2018_442.pcap,tcp_110077,tcp,110077,Hulk,Malware,DoS,Hulk
Friday-16-02-2018_442.pcap,tcp_143778,tcp,143778,Hulk,Malware,DoS,Hulk
Friday-16-02-2018_442.pcap,tcp_115365,tcp,115365,Hulk,Malware,DoS,Hulk
Friday-16-02-2018_442.pcap,tcp_128420,tcp,128420,Hulk,Malware,DoS,Hulk
Friday-16-02-2018_442.pcap,tcp_170493,tcp,170493,Hulk,Malware,DoS,Hulk
Friday-16-02-2018_442.pcap,tcp_149242,tcp,149242,Hulk,Malware,DoS,Hulk
Friday-16-02-2018_442.pcap,tcp_145712,tcp,145712,Hulk,Malware,DoS,Hulk
Friday-16-02-2018_442.pcap,tcp_150463,tcp,150463,Hulk,Malware,DoS,Hulk
Friday-16-02-2018_442.pcap,tcp_113225,tcp,113225,Hulk,Malware,DoS,Hulk
Friday-16-02-2018_442.pcap,tcp_133611,tcp,133611,Hulk,Malware,DoS,Hulk
Friday-16-02-2018_442.pcap,tcp_136936,tcp,136936,Hulk,Malware,DoS,Hulk
Friday-16-02-2018_442.pcap,tcp_108816,tcp,108816,Hulk,Malware,DoS,Hulk
Friday-16-02-2018_442.pcap,tcp_111764,tcp,111764,Hulk,Malware,DoS,Hulk
Friday-16-02-2018_442.pcap,tcp_165097,tcp,165097,Hulk,Malware,DoS,Hulk
Friday-16-02-2018_442.pcap,tcp_143065,tcp,143065,Hulk,Malware,DoS,Hulk
Friday-16-02-2018_442.pcap,tcp_141140,tcp,141140,Hulk,Malware,DoS,Hulk
Friday-16-02-2018_442.pcap,tcp_158691,tcp,158691,Hulk,Malware,DoS,Hulk
Friday-16-02-2018_442.pcap,tcp_165605,tcp,165605,Hulk,Malware,DoS,Hulk
Friday-16-02-2018_442.pcap,tcp_117313,tcp,117313,Hulk,Malware,DoS,Hulk
Friday-16-02-2018_442.pcap,tcp_124171,tcp,124171,Hulk,Malware,DoS,Hulk
Friday-16-02-2018_442.pcap,tcp_159065,tcp,159065,Hulk,Malware,DoS,Hulk
Friday-16-02-2018_442.pcap,tcp_168793,tcp,168793,Hulk,Malware,DoS,Hulk
Friday-16-02-2018_442.pcap,tcp_150492,tcp,150492,Hulk,Malware,DoS,Hulk
Friday-16-02-2018_442.pcap,tcp_147490,tcp,147490,Hulk,Malware,DoS,Hulk
Friday-16-02-2018_442.pcap,tcp_174749,tcp,174749,Hulk,Malware,DoS,Hulk
Friday-16-02-2018_442.pcap,tcp_107828,tcp,107828,Hulk,Malware,DoS,Hulk
Friday-16-02-2018_442.pcap,tcp_132822,tcp,132822,Hulk,Malware,DoS,Hulk
Friday-16-02-2018_442.pcap,tcp_149660,tcp,149660,Hulk,Malware,DoS,Hulk
Friday-16-02-2018_442.pcap,tcp_140360,tcp,140360,Hulk,Malware,DoS,Hulk
Friday-16-02-2018_442.pcap,tcp_136489,tcp,136489,Hulk,Malware,DoS,Hulk
Friday-16-02-2018_442.pcap,tcp_153118,tcp,153118,Hulk,Malware,DoS,Hulk
Friday-16-02-2018_442.pcap,tcp_143905,tcp,143905,Hulk,Malware,DoS,Hulk
Friday-16-02-2018_442.pcap,tcp_1456772,tcp,1456772,Hulk,Malware,DoS,Hulk
Friday-16-02-2018_442.pcap,tcp_107304,tcp,107304,Hulk,Malware,DoS,Hulk
Friday-16-02-2018_442.pcap,tcp_169444,tcp,169444,Hulk,Malware,DoS,Hulk
Friday-16-02-2018_442.pcap,tcp_137910,tcp,137910,Hulk,Malware,DoS,Hulk
Friday-16-02-2018_442.pcap,tcp_169996,tcp,169996,Hulk,Malware,DoS,Hulk
Friday-16-02-2018_442.pcap,tcp_125357,tcp,125357,Hulk,Malware,DoS,Hulk
Friday-16-02-2018_442.pcap,tcp_154938,tcp,154938,Hulk,Malware,DoS,Hulk
Friday-16-02-2018_442.pcap,tcp_138017,tcp,138017,Hulk,Malware,DoS,Hulk
Friday-16-02-2018_442.pcap,tcp_156259,tcp,156259,Hulk,Malware,DoS,Hulk
Friday-16-02-2018_442.pcap,tcp_159777,tcp,159777,Hulk,Malware,DoS,Hulk
Friday-16-02-2018_442.pcap,tcp_109864,tcp,109864,Hulk,Malware,DoS,Hulk
Friday-16-02-2018_442.pcap,tcp_142715,tcp,142715,Hulk,Malware,DoS,Hulk
Friday-16-02-2018_442.pcap,tcp_156278,tcp,156278,Hulk,Malware,DoS,Hulk
Friday-16-02-2018_442.pcap,tcp_127643,tcp,127643,Hulk,Malware,DoS,Hulk
Friday-16-02-2018_442.pcap,tcp_111942,tcp,111942,Hulk,Malware,DoS,Hulk
Friday-16-02-2018_442.pcap,tcp_172301,tcp,172301,Hulk,Malware,DoS,Hulk
Friday-16-02-2018_442.pcap,tcp_134126,tcp,134126,Hulk,Malware,DoS,Hulk
Friday-16-02-2018_442.pcap,tcp_169275,tcp,169275,Hulk,Malware,DoS,Hulk
Friday-16-02-2018_442.pcap,tcp_176471,tcp,176471,Hulk,Malware,DoS,Hulk
Friday-16-02-2018_442.pcap,tcp_134163,tcp,134163,Hulk,Malware,DoS,Hulk
Friday-16-02-2018_442.pcap,tcp_133492,tcp,133492,Hulk,Malware,DoS,Hulk
Friday-16-02-2018_442.pcap,tcp_142501,tcp,142501,Hulk,Malware,DoS,Hulk
Friday-16-02-2018_442.pcap,tcp_137463,tcp,137463,Hulk,Malware,DoS,Hulk
Friday-16-02-2018_442.pcap,tcp_141511,tcp,141511,Hulk,Malware,DoS,Hulk
Friday-16-02-2018_442.pcap,tcp_135785,tcp,135785,Hulk,Malware,DoS,Hulk
Friday-16-02-2018_442.pcap,tcp_142031,tcp,142031,Hulk,Malware,DoS,Hulk
Friday-16-02-2018_442.pcap,tcp_177995,tcp,177995,Hulk,Malware,DoS,Hulk
Friday-16-02-2018_442.pcap,tcp_165707,tcp,165707,Hulk,Malware,DoS,Hulk
Friday-16-02-2018_442.pcap,tcp_143961,tcp,143961,Hulk,Malware,DoS,Hulk
Friday-16-02-2018_442.pcap,tcp_160401,tcp,160401,Hulk,Malware,DoS,Hulk
Friday-16-02-2018_442.pcap,tcp_153706,tcp,153706,Hulk,Malware,DoS,Hulk
Friday-16-02-2018_442.pcap,tcp_140073,tcp,140073,Hulk,Malware,DoS,Hulk
Friday-16-02-2018_442.pcap,tcp_129995,tcp,129995,Hulk,Malware,DoS,Hulk
Friday-16-02-2018_442.pcap,tcp_137204,tcp,137204,Hulk,Malware,DoS,Hulk
Friday-16-02-2018_442.pcap,tcp_156805,tcp,156805,Hulk,Malware,DoS,Hulk
Friday-16-02-2018_442.pcap,tcp_111303,tcp,111303,Hulk,Malware,DoS,Hulk
Friday-16-02-2018_442.pcap,tcp_121180,tcp,121180,Hulk,Malware,DoS,Hulk
Friday-16-02-2018_442.pcap,tcp_166754,tcp,166754,Hulk,Malware,DoS,Hulk
Friday-16-02-2018_442.pcap,tcp_148659,tcp,148659,Hulk,Malware,DoS,Hulk
Friday-16-02-2018_442.pcap,tcp_132218,tcp,132218,Hulk,Malware,DoS,Hulk
Friday-16-02-2018_442.pcap,tcp_156831,tcp,156831,Hulk,Malware,DoS,Hulk
Friday-16-02-2018_442.pcap,tcp_164520,tcp,164520,Hulk,Malware,DoS,Hulk
Friday-16-02-2018_442.pcap,tcp_108098,tcp,108098,Hulk,Malware,DoS,Hulk
Friday-16-02-2018_442.pcap,tcp_131709,tcp,131709,Hulk,Malware,DoS,Hulk
Friday-16-02-2018_442.pcap,tcp_126092,tcp,126092,Hulk,Malware,DoS,Hulk
Friday-16-02-2018_442.pcap,tcp_116176,tcp,116176,Hulk,Malware,DoS,Hulk
Friday-16-02-2018_442.pcap,tcp_166462,tcp,166462,Hulk,Malware,DoS,Hulk
Friday-16-02-2018_442.pcap,tcp_138487,tcp,138487,Hulk,Malware,DoS,Hulk
Friday-16-02-2018_442.pcap,tcp_146636,tcp,146636,Hulk,Malware,DoS,Hulk
Friday-16-02-2018_442.pcap,tcp_115914,tcp,115914,Hulk,Malware,DoS,Hulk
Friday-16-02-2018_442.pcap,tcp_159937,tcp,159937,Hulk,Malware,DoS,Hulk
Friday-16-02-2018_442.pcap,tcp_109678,tcp,109678,Hulk,Malware,DoS,Hulk
Friday-16-02-2018_442.pcap,tcp_692238,tcp,692238,Hulk,Malware,DoS,Hulk
Friday-16-02-2018_442.pcap,tcp_134687,tcp,134687,Hulk,Malware,DoS,Hulk
Friday-16-02-2018_442.pcap,tcp_157090,tcp,157090,Hulk,Malware,DoS,Hulk
Friday-16-02-2018_442.pcap,tcp_145883,tcp,145883,Hulk,Malware,DoS,Hulk
Friday-16-02-2018_442.pcap,tcp_116950,tcp,116950,Hulk,Malware,DoS,Hulk
Friday-16-02-2018_442.pcap,tcp_110434,tcp,110434,Hulk,Malware,DoS,Hulk
Friday-16-02-2018_442.pcap,tcp_133367,tcp,133367,Hulk,Malware,DoS,Hulk
Friday-16-02-2018_442.pcap,tcp_173918,tcp,173918,Hulk,Malware,DoS,Hulk
Friday-16-02-2018_442.pcap,tcp_179230,tcp,179230,Hulk,Malware,DoS,Hulk
Friday-16-02-2018_442.pcap,tcp_161637,tcp,161637,Hulk,Malware,DoS,Hulk
Friday-16-02-2018_442.pcap,tcp_143925,tcp,143925,Hulk,Malware,DoS,Hulk
Friday-16-02-2018_442.pcap,tcp_154722,tcp,154722,Hulk,Malware,DoS,Hulk
Friday-16-02-2018_442.pcap,tcp_127180,tcp,127180,Hulk,Malware,DoS,Hulk
Friday-16-02-2018_442.pcap,tcp_128019,tcp,128019,Hulk,Malware,DoS,Hulk
Friday-16-02-2018_442.pcap,tcp_117244,tcp,117244,Hulk,Malware,DoS,Hulk
Friday-16-02-2018_442.pcap,tcp_172523,tcp,172523,Hulk,Malware,DoS,Hulk
Friday-16-02-2018_442.pcap,tcp_179083,tcp,179083,Hulk,Malware,DoS,Hulk
Friday-16-02-2018_442.pcap,tcp_155155,tcp,155155,Hulk,Malware,DoS,Hulk
Friday-16-02-2018_442.pcap,tcp_148952,tcp,148952,Hulk,Malware,DoS,Hulk
Friday-16-02-2018_442.pcap,tcp_107272,tcp,107272,Hulk,Malware,DoS,Hulk
Friday-16-02-2018_442.pcap,tcp_156214,tcp,156214,Hulk,Malware,DoS,Hulk
Friday-16-02-2018_442.pcap,tcp_128490,tcp,128490,Hulk,Malware,DoS,Hulk
Friday-16-02-2018_442.pcap,tcp_143286,tcp,143286,Hulk,Malware,DoS,Hulk
Friday-16-02-2018_442.pcap,tcp_121072,tcp,121072,Hulk,Malware,DoS,Hulk
Friday-16-02-2018_442.pcap,tcp_110628,tcp,110628,Hulk,Malware,DoS,Hulk
Friday-16-02-2018_442.pcap,tcp_131463,tcp,131463,Hulk,Malware,DoS,Hulk
Friday-16-02-2018_442.pcap,tcp_147417,tcp,147417,Hulk,Malware,DoS,Hulk
Friday-16-02-2018_442.pcap,tcp_156731,tcp,156731,Hulk,Malware,DoS,Hulk
Friday-16-02-2018_442.pcap,tcp_127626,tcp,127626,Hulk,Malware,DoS,Hulk
Friday-16-02-2018_442.pcap,tcp_158398,tcp,158398,Hulk,Malware,DoS,Hulk
Friday-16-02-2018_442.pcap,tcp_136132,tcp,136132,Hulk,Malware,DoS,Hulk
Friday-16-02-2018_442.pcap,tcp_118790,tcp,118790,Hulk,Malware,DoS,Hulk
Friday-16-02-2018_442.pcap,tcp_150355,tcp,150355,Hulk,Malware,DoS,Hulk
Friday-16-02-2018_442.pcap,tcp_110157,tcp,110157,Hulk,Malware,DoS,Hulk
Friday-16-02-2018_442.pcap,tcp_121248,tcp,121248,Hulk,Malware,DoS,Hulk
Friday-16-02-2018_442.pcap,tcp_150375,tcp,150375,Hulk,Malware,DoS,Hulk
Friday-16-02-2018_442.pcap,tcp_169645,tcp,169645,Hulk,Malware,DoS,Hulk
Friday-16-02-2018_442.pcap,tcp_150119,tcp,150119,Hulk,Malware,DoS,Hulk
Friday-16-02-2018_442.pcap,tcp_160821,tcp,160821,Hulk,Malware,DoS,Hulk
Friday-16-02-2018_442.pcap,tcp_177196,tcp,177196,Hulk,Malware,DoS,Hulk
Friday-16-02-2018_442.pcap,tcp_128966,tcp,128966,Hulk,Malware,DoS,Hulk
Friday-16-02-2018_442.pcap,tcp_139608,tcp,139608,Hulk,Malware,DoS,Hulk
Friday-16-02-2018_442.pcap,tcp_119743,tcp,119743,Hulk,Malware,DoS,Hulk
Friday-16-02-2018_442.pcap,tcp_110986,tcp,110986,Hulk,Malware,DoS,Hulk
Friday-16-02-2018_442.pcap,tcp_163833,tcp,163833,Hulk,Malware,DoS,Hulk
Friday-16-02-2018_442.pcap,tcp_152442,tcp,152442,Hulk,Malware,DoS,Hulk
Friday-16-02-2018_442.pcap,tcp_166901,tcp,166901,Hulk,Malware,DoS,Hulk
Friday-16-02-2018_442.pcap,tcp_124102,tcp,124102,Hulk,Malware,DoS,Hulk
Friday-16-02-2018_442.pcap,tcp_138309,tcp,138309,Hulk,Malware,DoS,Hulk
Friday-16-02-2018_442.pcap,tcp_167162,tcp,167162,Hulk,Malware,DoS,Hulk
Friday-16-02-2018_442.pcap,tcp_122004,tcp,122004,Hulk,Malware,DoS,Hulk
Friday-16-02-2018_442.pcap,tcp_111560,tcp,111560,Hulk,Malware,DoS,Hulk
Friday-16-02-2018_442.pcap,tcp_144273,tcp,144273,Hulk,Malware,DoS,Hulk
Friday-16-02-2018_442.pcap,tcp_130889,tcp,130889,Hulk,Malware,DoS,Hulk
Friday-16-02-2018_442.pcap,tcp_120218,tcp,120218,Hulk,Malware,DoS,Hulk
Friday-16-02-2018_442.pcap,tcp_174833,tcp,174833,Hulk,Malware,DoS,Hulk
Friday-16-02-2018_442.pcap,tcp_153436,tcp,153436,Hulk,Malware,DoS,Hulk
Friday-16-02-2018_442.pcap,tcp_146916,tcp,146916,Hulk,Malware,DoS,Hulk
Friday-16-02-2018_442.pcap,tcp_156145,tcp,156145,Hulk,Malware,DoS,Hulk
Friday-16-02-2018_442.pcap,tcp_125867,tcp,125867,Hulk,Malware,DoS,Hulk
Friday-16-02-2018_442.pcap,tcp_148632,tcp,148632,Hulk,Malware,DoS,Hulk
Friday-16-02-2018_442.pcap,tcp_134311,tcp,134311,Hulk,Malware,DoS,Hulk
Friday-16-02-2018_442.pcap,tcp_136115,tcp,136115,Hulk,Malware,DoS,Hulk
Friday-16-02-2018_442.pcap,tcp_160141,tcp,160141,Hulk,Malware,DoS,Hulk
Friday-16-02-2018_442.pcap,tcp_156934,tcp,156934,Hulk,Malware,DoS,Hulk
Friday-16-02-2018_442.pcap,tcp_165713,tcp,165713,Hulk,Malware,DoS,Hulk
Friday-16-02-2018_442.pcap,tcp_150761,tcp,150761,Hulk,Malware,DoS,Hulk
Friday-16-02-2018_442.pcap,tcp_153136,tcp,153136,Hulk,Malware,DoS,Hulk
Friday-16-02-2018_442.pcap,tcp_127138,tcp,127138,Hulk,Malware,DoS,Hulk
Friday-16-02-2018_442.pcap,tcp_176508,tcp,176508,Hulk,Malware,DoS,Hulk
Friday-16-02-2018_442.pcap,tcp_142773,tcp,142773,Hulk,Malware,DoS,Hulk
Friday-16-02-2018_442.pcap,tcp_148484,tcp,148484,Hulk,Malware,DoS,Hulk
Friday-16-02-2018_442.pcap,tcp_166444,tcp,166444,Hulk,Malware,DoS,Hulk
Friday-16-02-2018_442.pcap,tcp_113847,tcp,113847,Hulk,Malware,DoS,Hulk
Friday-16-02-2018_442.pcap,tcp_176997,tcp,176997,Hulk,Malware,DoS,Hulk
Friday-16-02-2018_442.pcap,tcp_126709,tcp,126709,Hulk,Malware,DoS,Hulk
Friday-16-02-2018_442.pcap,tcp_141263,tcp,141263,Hulk,Malware,DoS,Hulk
Friday-16-02-2018_442.pcap,tcp_174031,tcp,174031,Hulk,Malware,DoS,Hulk
Friday-16-02-2018_442.pcap,tcp_114339,tcp,114339,Hulk,Malware,DoS,Hulk
Friday-16-02-2018_442.pcap,tcp_166421,tcp,166421,Hulk,Malware,DoS,Hulk
Friday-16-02-2018_442.pcap,tcp_121528,tcp,121528,Hulk,Malware,DoS,Hulk
Friday-16-02-2018_442.pcap,tcp_146122,tcp,146122,Hulk,Malware,DoS,Hulk
Friday-16-02-2018_442.pcap,tcp_163018,tcp,163018,Hulk,Malware,DoS,Hulk
Friday-16-02-2018_442.pcap,tcp_130403,tcp,130403,Hulk,Malware,DoS,Hulk
Friday-16-02-2018_442.pcap,tcp_168166,tcp,168166,Hulk,Malware,DoS,Hulk
Friday-16-02-2018_442.pcap,tcp_145488,tcp,145488,Hulk,Malware,DoS,Hulk
Friday-16-02-2018_442.pcap,tcp_141078,tcp,141078,Hulk,Malware,DoS,Hulk
Friday-16-02-2018_442.pcap,tcp_140921,tcp,140921,Hulk,Malware,DoS,Hulk
Friday-16-02-2018_442.pcap,tcp_150126,tcp,150126,Hulk,Malware,DoS,Hulk
Friday-16-02-2018_442.pcap,tcp_135778,tcp,135778,Hulk,Malware,DoS,Hulk
Friday-16-02-2018_442.pcap,tcp_164890,tcp,164890,Hulk,Malware,DoS,Hulk
Friday-16-02-2018_442.pcap,tcp_136187,tcp,136187,Hulk,Malware,DoS,Hulk
Friday-16-02-2018_442.pcap,tcp_168352,tcp,168352,Hulk,Malware,DoS,Hulk
Friday-16-02-2018_442.pcap,tcp_164884,tcp,164884,Hulk,Malware,DoS,Hulk
Friday-16-02-2018_442.pcap,tcp_133109,tcp,133109,Hulk,Malware,DoS,Hulk
Friday-16-02-2018_442.pcap,tcp_122996,tcp,122996,Hulk,Malware,DoS,Hulk
Friday-16-02-2018_442.pcap,tcp_139846,tcp,139846,Hulk,Malware,DoS,Hulk
Friday-16-02-2018_442.pcap,tcp_134800,tcp,134800,Hulk,Malware,DoS,Hulk
Friday-16-02-2018_442.pcap,tcp_163650,tcp,163650,Hulk,Malware,DoS,Hulk
Friday-16-02-2018_442.pcap,tcp_129928,tcp,129928,Hulk,Malware,DoS,Hulk
Friday-16-02-2018_442.pcap,tcp_160092,tcp,160092,Hulk,Malware,DoS,Hulk
Friday-16-02-2018_442.pcap,tcp_152188,tcp,152188,Hulk,Malware,DoS,Hulk
Friday-16-02-2018_442.pcap,tcp_174856,tcp,174856,Hulk,Malware,DoS,Hulk
Friday-16-02-2018_442.pcap,tcp_168101,tcp,168101,Hulk,Malware,DoS,Hulk
Friday-16-02-2018_442.pcap,tcp_111361,tcp,111361,Hulk,Malware,DoS,Hulk
Friday-16-02-2018_442.pcap,tcp_177898,tcp,177898,Hulk,Malware,DoS,Hulk
Friday-16-02-2018_442.pcap,tcp_138225,tcp,138225,Hulk,Malware,DoS,Hulk
Friday-16-02-2018_442.pcap,tcp_137892,tcp,137892,Hulk,Malware,DoS,Hulk
Friday-16-02-2018_442.pcap,tcp_143048,tcp,143048,Hulk,Malware,DoS,Hulk
Friday-16-02-2018_442.pcap,tcp_151414,tcp,151414,Hulk,Malware,DoS,Hulk
Friday-16-02-2018_442.pcap,tcp_110013,tcp,110013,Hulk,Malware,DoS,Hulk
Friday-16-02-2018_442.pcap,tcp_150783,tcp,150783,Hulk,Malware,DoS,Hulk
Friday-16-02-2018_442.pcap,tcp_176043,tcp,176043,Hulk,Malware,DoS,Hulk
Friday-16-02-2018_442.pcap,tcp_135452,tcp,135452,Hulk,Malware,DoS,Hulk
Friday-16-02-2018_442.pcap,tcp_114625,tcp,114625,Hulk,Malware,DoS,Hulk
Friday-16-02-2018_442.pcap,tcp_153840,tcp,153840,Hulk,Malware,DoS,Hulk
Friday-16-02-2018_442.pcap,tcp_109181,tcp,109181,Hulk,Malware,DoS,Hulk
Friday-16-02-2018_442.pcap,tcp_130083,tcp,130083,Hulk,Malware,DoS,Hulk
Friday-16-02-2018_442.pcap,tcp_108919,tcp,108919,Hulk,Malware,DoS,Hulk
Friday-16-02-2018_442.pcap,tcp_147125,tcp,147125,Hulk,Malware,DoS,Hulk
Friday-16-02-2018_442.pcap,tcp_175496,tcp,175496,Hulk,Malware,DoS,Hulk
Friday-16-02-2018_442.pcap,tcp_162759,tcp,162759,Hulk,Malware,DoS,Hulk
Friday-16-02-2018_442.pcap,tcp_149475,tcp,149475,Hulk,Malware,DoS,Hulk
Friday-16-02-2018_442.pcap,tcp_165101,tcp,165101,Hulk,Malware,DoS,Hulk
Friday-16-02-2018_442.pcap,tcp_172520,tcp,172520,Hulk,Malware,DoS,Hulk
Friday-16-02-2018_442.pcap,tcp_155496,tcp,155496,Hulk,Malware,DoS,Hulk
Friday-16-02-2018_442.pcap,tcp_126776,tcp,126776,Hulk,Malware,DoS,Hulk
Friday-16-02-2018_442.pcap,tcp_108109,tcp,108109,Hulk,Malware,DoS,Hulk
Friday-16-02-2018_442.pcap,tcp_132454,tcp,132454,Hulk,Malware,DoS,Hulk
Friday-16-02-2018_442.pcap,tcp_117023,tcp,117023,Hulk,Malware,DoS,Hulk
Friday-16-02-2018_442.pcap,tcp_177330,tcp,177330,Hulk,Malware,DoS,Hulk
Friday-16-02-2018_442.pcap,tcp_163323,tcp,163323,Hulk,Malware,DoS,Hulk
Friday-16-02-2018_442.pcap,tcp_150576,tcp,150576,Hulk,Malware,DoS,Hulk
Friday-16-02-2018_442.pcap,tcp_137450,tcp,137450,Hulk,Malware,DoS,Hulk
Friday-16-02-2018_442.pcap,tcp_169550,tcp,169550,Hulk,Malware,DoS,Hulk
Friday-16-02-2018_442.pcap,tcp_148841,tcp,148841,Hulk,Malware,DoS,Hulk
Friday-16-02-2018_442.pcap,tcp_167786,tcp,167786,Hulk,Malware,DoS,Hulk
Friday-16-02-2018_442.pcap,tcp_129218,tcp,129218,Hulk,Malware,DoS,Hulk
Friday-16-02-2018_442.pcap,tcp_150080,tcp,150080,Hulk,Malware,DoS,Hulk
Friday-16-02-2018_442.pcap,tcp_176916,tcp,176916,Hulk,Malware,DoS,Hulk
Friday-16-02-2018_442.pcap,tcp_122422,tcp,122422,Hulk,Malware,DoS,Hulk
Friday-16-02-2018_442.pcap,tcp_163637,tcp,163637,Hulk,Malware,DoS,Hulk
Friday-16-02-2018_442.pcap,tcp_173381,tcp,173381,Hulk,Malware,DoS,Hulk
Friday-16-02-2018_442.pcap,tcp_138530,tcp,138530,Hulk,Malware,DoS,Hulk
Friday-16-02-2018_442.pcap,tcp_123142,tcp,123142,Hulk,Malware,DoS,Hulk
Friday-16-02-2018_442.pcap,tcp_173769,tcp,173769,Hulk,Malware,DoS,Hulk
Friday-16-02-2018_442.pcap,tcp_128348,tcp,128348,Hulk,Malware,DoS,Hulk
Friday-16-02-2018_442.pcap,tcp_109725,tcp,109725,Hulk,Malware,DoS,Hulk
Friday-16-02-2018_442.pcap,tcp_119937,tcp,119937,Hulk,Malware,DoS,Hulk
Friday-16-02-2018_442.pcap,tcp_165442,tcp,165442,Hulk,Malware,DoS,Hulk
Friday-16-02-2018_442.pcap,tcp_109737,tcp,109737,Hulk,Malware,DoS,Hulk
Friday-16-02-2018_442.pcap,tcp_144311,tcp,144311,Hulk,Malware,DoS,Hulk
Friday-16-02-2018_442.pcap,tcp_166395,tcp,166395,Hulk,Malware,DoS,Hulk
Friday-16-02-2018_442.pcap,tcp_152354,tcp,152354,Hulk,Malware,DoS,Hulk
Friday-16-02-2018_442.pcap,tcp_114468,tcp,114468,Hulk,Malware,DoS,Hulk
Friday-16-02-2018_442.pcap,tcp_153198,tcp,153198,Hulk,Malware,DoS,Hulk
Friday-16-02-2018_442.pcap,tcp_174680,tcp,174680,Hulk,Malware,DoS,Hulk
Friday-16-02-2018_442.pcap,tcp_132843,tcp,132843,Hulk,Malware,DoS,Hulk
Friday-16-02-2018_442.pcap,tcp_117655,tcp,117655,Hulk,Malware,DoS,Hulk
Friday-16-02-2018_442.pcap,tcp_152597,tcp,152597,Hulk,Malware,DoS,Hulk
Friday-16-02-2018_442.pcap,tcp_150963,tcp,150963,Hulk,Malware,DoS,Hulk
Friday-16-02-2018_442.pcap,tcp_119602,tcp,119602,Hulk,Malware,DoS,Hulk
Friday-16-02-2018_442.pcap,tcp_175170,tcp,175170,Hulk,Malware,DoS,Hulk
Friday-16-02-2018_442.pcap,tcp_174568,tcp,174568,Hulk,Malware,DoS,Hulk
Friday-16-02-2018_442.pcap,tcp_114170,tcp,114170,Hulk,Malware,DoS,Hulk
Friday-16-02-2018_442.pcap,tcp_137505,tcp,137505,Hulk,Malware,DoS,Hulk
Friday-16-02-2018_442.pcap,tcp_151918,tcp,151918,Hulk,Malware,DoS,Hulk
Friday-16-02-2018_442.pcap,tcp_145377,tcp,145377,Hulk,Malware,DoS,Hulk
Friday-16-02-2018_442.pcap,tcp_129917,tcp,129917,Hulk,Malware,DoS,Hulk
Friday-16-02-2018_442.pcap,tcp_137953,tcp,137953,Hulk,Malware,DoS,Hulk
Friday-16-02-2018_442.pcap,tcp_170537,tcp,170537,Hulk,Malware,DoS,Hulk
Friday-16-02-2018_442.pcap,tcp_113410,tcp,113410,Hulk,Malware,DoS,Hulk
Friday-16-02-2018_442.pcap,tcp_134536,tcp,134536,Hulk,Malware,DoS,Hulk
Friday-16-02-2018_442.pcap,tcp_173263,tcp,173263,Hulk,Malware,DoS,Hulk
Friday-16-02-2018_442.pcap,tcp_166401,tcp,166401,Hulk,Malware,DoS,Hulk
Friday-16-02-2018_442.pcap,tcp_156929,tcp,156929,Hulk,Malware,DoS,Hulk
Friday-16-02-2018_442.pcap,tcp_176737,tcp,176737,Hulk,Malware,DoS,Hulk
Friday-16-02-2018_442.pcap,tcp_133997,tcp,133997,Hulk,Malware,DoS,Hulk
Friday-16-02-2018_442.pcap,tcp_109043,tcp,109043,Hulk,Malware,DoS,Hulk
Friday-16-02-2018_442.pcap,tcp_162547,tcp,162547,Hulk,Malware,DoS,Hulk
Friday-16-02-2018_442.pcap,tcp_129357,tcp,129357,Hulk,Malware,DoS,Hulk
Friday-16-02-2018_442.pcap,tcp_158933,tcp,158933,Hulk,Malware,DoS,Hulk
Friday-16-02-2018_442.pcap,tcp_122018,tcp,122018,Hulk,Malware,DoS,Hulk
Friday-16-02-2018_442.pcap,tcp_146551,tcp,146551,Hulk,Malware,DoS,Hulk
Friday-16-02-2018_442.pcap,tcp_136235,tcp,136235,Hulk,Malware,DoS,Hulk
Friday-16-02-2018_442.pcap,tcp_142123,tcp,142123,Hulk,Malware,DoS,Hulk
Friday-16-02-2018_442.pcap,tcp_178156,tcp,178156,Hulk,Malware,DoS,Hulk
Friday-16-02-2018_442.pcap,tcp_108559,tcp,108559,Hulk,Malware,DoS,Hulk
Friday-16-02-2018_442.pcap,tcp_139464,tcp,139464,Hulk,Malware,DoS,Hulk
Friday-16-02-2018_442.pcap,tcp_171617,tcp,171617,Hulk,Malware,DoS,Hulk
Friday-16-02-2018_442.pcap,tcp_125254,tcp,125254,Hulk,Malware,DoS,Hulk
Friday-16-02-2018_442.pcap,tcp_167095,tcp,167095,Hulk,Malware,DoS,Hulk
Friday-16-02-2018_442.pcap,tcp_128137,tcp,128137,Hulk,Malware,DoS,Hulk
Friday-16-02-2018_442.pcap,tcp_143448,tcp,143448,Hulk,Malware,DoS,Hulk
Friday-16-02-2018_442.pcap,tcp_159940,tcp,159940,Hulk,Malware,DoS,Hulk
Friday-16-02-2018_442.pcap,tcp_161914,tcp,161914,Hulk,Malware,DoS,Hulk
Friday-16-02-2018_442.pcap,tcp_136974,tcp,136974,Hulk,Malware,DoS,Hulk
Friday-16-02-2018_442.pcap,tcp_124802,tcp,124802,Hulk,Malware,DoS,Hulk
Friday-16-02-2018_442.pcap,tcp_124077,tcp,124077,Hulk,Malware,DoS,Hulk
Friday-16-02-2018_442.pcap,tcp_151732,tcp,151732,Hulk,Malware,DoS,Hulk
Friday-16-02-2018_442.pcap,tcp_161275,tcp,161275,Hulk,Malware,DoS,Hulk
Friday-16-02-2018_442.pcap,tcp_165973,tcp,165973,Hulk,Malware,DoS,Hulk
Friday-16-02-2018_442.pcap,tcp_159576,tcp,159576,Hulk,Malware,DoS,Hulk
Friday-16-02-2018_442.pcap,tcp_169579,tcp,169579,Hulk,Malware,DoS,Hulk
Friday-16-02-2018_442.pcap,tcp_175201,tcp,175201,Hulk,Malware,DoS,Hulk
Friday-16-02-2018_442.pcap,tcp_172790,tcp,172790,Hulk,Malware,DoS,Hulk
Friday-16-02-2018_442.pcap,tcp_125113,tcp,125113,Hulk,Malware,DoS,Hulk
Friday-16-02-2018_442.pcap,tcp_164527,tcp,164527,Hulk,Malware,DoS,Hulk
Friday-16-02-2018_442.pcap,tcp_113890,tcp,113890,Hulk,Malware,DoS,Hulk
Friday-16-02-2018_442.pcap,tcp_125534,tcp,125534,Hulk,Malware,DoS,Hulk
Friday-16-02-2018_442.pcap,tcp_110212,tcp,110212,Hulk,Malware,DoS,Hulk
Friday-16-02-2018_442.pcap,tcp_139179,tcp,139179,Hulk,Malware,DoS,Hulk
Friday-16-02-2018_442.pcap,tcp_137974,tcp,137974,Hulk,Malware,DoS,Hulk
Friday-16-02-2018_442.pcap,tcp_166121,tcp,166121,Hulk,Malware,DoS,Hulk
Friday-16-02-2018_442.pcap,tcp_125957,tcp,125957,Hulk,Malware,DoS,Hulk
Friday-16-02-2018_442.pcap,tcp_134293,tcp,134293,Hulk,Malware,DoS,Hulk
Friday-16-02-2018_442.pcap,tcp_152954,tcp,152954,Hulk,Malware,DoS,Hulk
Friday-16-02-2018_442.pcap,tcp_138408,tcp,138408,Hulk,Malware,DoS,Hulk
Friday-16-02-2018_442.pcap,tcp_112670,tcp,112670,Hulk,Malware,DoS,Hulk
Friday-16-02-2018_442.pcap,tcp_135933,tcp,135933,Hulk,Malware,DoS,Hulk
Friday-16-02-2018_442.pcap,tcp_178385,tcp,178385,Hulk,Malware,DoS,Hulk
Friday-16-02-2018_442.pcap,tcp_150650,tcp,150650,Hulk,Malware,DoS,Hulk
Friday-16-02-2018_442.pcap,tcp_163685,tcp,163685,Hulk,Malware,DoS,Hulk
Friday-16-02-2018_442.pcap,tcp_160960,tcp,160960,Hulk,Malware,DoS,Hulk
Friday-16-02-2018_442.pcap,tcp_128795,tcp,128795,Hulk,Malware,DoS,Hulk
Friday-16-02-2018_442.pcap,tcp_116062,tcp,116062,Hulk,Malware,DoS,Hulk
Friday-16-02-2018_442.pcap,tcp_160239,tcp,160239,Hulk,Malware,DoS,Hulk
Friday-16-02-2018_442.pcap,tcp_168703,tcp,168703,Hulk,Malware,DoS,Hulk
Friday-16-02-2018_442.pcap,tcp_148545,tcp,148545,Hulk,Malware,DoS,Hulk
Friday-16-02-2018_442.pcap,tcp_125117,tcp,125117,Hulk,Malware,DoS,Hulk
Friday-16-02-2018_442.pcap,tcp_150157,tcp,150157,Hulk,Malware,DoS,Hulk
Friday-16-02-2018_442.pcap,tcp_171392,tcp,171392,Hulk,Malware,DoS,Hulk
Friday-16-02-2018_442.pcap,tcp_160185,tcp,160185,Hulk,Malware,DoS,Hulk
Friday-16-02-2018_442.pcap,tcp_135333,tcp,135333,Hulk,Malware,DoS,Hulk
Friday-16-02-2018_442.pcap,tcp_127649,tcp,127649,Hulk,Malware,DoS,Hulk
Friday-16-02-2018_442.pcap,tcp_173140,tcp,173140,Hulk,Malware,DoS,Hulk
Friday-16-02-2018_442.pcap,tcp_150953,tcp,150953,Hulk,Malware,DoS,Hulk
Friday-16-02-2018_442.pcap,tcp_159608,tcp,159608,Hulk,Malware,DoS,Hulk
Friday-16-02-2018_442.pcap,tcp_176531,tcp,176531,Hulk,Malware,DoS,Hulk
Friday-16-02-2018_442.pcap,tcp_130473,tcp,130473,Hulk,Malware,DoS,Hulk
Friday-16-02-2018_442.pcap,tcp_115828,tcp,115828,Hulk,Malware,DoS,Hulk
Friday-16-02-2018_442.pcap,tcp_151177,tcp,151177,Hulk,Malware,DoS,Hulk
Friday-16-02-2018_442.pcap,tcp_158641,tcp,158641,Hulk,Malware,DoS,Hulk
Friday-16-02-2018_442.pcap,tcp_145131,tcp,145131,Hulk,Malware,DoS,Hulk
Friday-16-02-2018_442.pcap,tcp_151426,tcp,151426,Hulk,Malware,DoS,Hulk
Friday-16-02-2018_442.pcap,tcp_112150,tcp,112150,Hulk,Malware,DoS,Hulk
Friday-16-02-2018_442.pcap,tcp_167365,tcp,167365,Hulk,Malware,DoS,Hulk
Friday-16-02-2018_442.pcap,tcp_127650,tcp,127650,Hulk,Malware,DoS,Hulk
Friday-16-02-2018_442.pcap,tcp_110398,tcp,110398,Hulk,Malware,DoS,Hulk
Friday-16-02-2018_442.pcap,tcp_145930,tcp,145930,Hulk,Malware,DoS,Hulk
Friday-16-02-2018_442.pcap,tcp_139534,tcp,139534,Hulk,Malware,DoS,Hulk
Friday-16-02-2018_442.pcap,tcp_132811,tcp,132811,Hulk,Malware,DoS,Hulk
Friday-16-02-2018_442.pcap,tcp_117138,tcp,117138,Hulk,Malware,DoS,Hulk
Friday-16-02-2018_442.pcap,tcp_135483,tcp,135483,Hulk,Malware,DoS,Hulk
Friday-16-02-2018_442.pcap,tcp_174791,tcp,174791,Hulk,Malware,DoS,Hulk
Friday-16-02-2018_442.pcap,tcp_111168,tcp,111168,Hulk,Malware,DoS,Hulk
Friday-16-02-2018_442.pcap,tcp_162092,tcp,162092,Hulk,Malware,DoS,Hulk
Friday-16-02-2018_442.pcap,tcp_168643,tcp,168643,Hulk,Malware,DoS,Hulk
Friday-16-02-2018_442.pcap,tcp_124577,tcp,124577,Hulk,Malware,DoS,Hulk
Friday-16-02-2018_442.pcap,tcp_113155,tcp,113155,Hulk,Malware,DoS,Hulk
Friday-16-02-2018_442.pcap,tcp_157031,tcp,157031,Hulk,Malware,DoS,Hulk
Friday-16-02-2018_442.pcap,tcp_122538,tcp,122538,Hulk,Malware,DoS,Hulk
Friday-16-02-2018_442.pcap,tcp_135637,tcp,135637,Hulk,Malware,DoS,Hulk
Friday-16-02-2018_442.pcap,tcp_121780,tcp,121780,Hulk,Malware,DoS,Hulk
Friday-16-02-2018_442.pcap,tcp_165072,tcp,165072,Hulk,Malware,DoS,Hulk
Friday-16-02-2018_442.pcap,tcp_168938,tcp,168938,Hulk,Malware,DoS,Hulk
Friday-16-02-2018_442.pcap,tcp_137231,tcp,137231,Hulk,Malware,DoS,Hulk
Friday-16-02-2018_442.pcap,tcp_168188,tcp,168188,Hulk,Malware,DoS,Hulk
Friday-16-02-2018_442.pcap,tcp_150724,tcp,150724,Hulk,Malware,DoS,Hulk
Friday-16-02-2018_442.pcap,tcp_114826,tcp,114826,Hulk,Malware,DoS,Hulk
Friday-16-02-2018_442.pcap,tcp_111838,tcp,111838,Hulk,Malware,DoS,Hulk
Friday-16-02-2018_442.pcap,tcp_116275,tcp,116275,Hulk,Malware,DoS,Hulk
Friday-16-02-2018_442.pcap,tcp_168831,tcp,168831,Hulk,Malware,DoS,Hulk
Friday-16-02-2018_442.pcap,tcp_165966,tcp,165966,Hulk,Malware,DoS,Hulk
Friday-16-02-2018_442.pcap,tcp_145469,tcp,145469,Hulk,Malware,DoS,Hulk
Friday-16-02-2018_442.pcap,tcp_126173,tcp,126173,Hulk,Malware,DoS,Hulk
Friday-16-02-2018_442.pcap,tcp_107675,tcp,107675,Hulk,Malware,DoS,Hulk
Friday-16-02-2018_442.pcap,tcp_133246,tcp,133246,Hulk,Malware,DoS,Hulk
Friday-16-02-2018_442.pcap,tcp_127794,tcp,127794,Hulk,Malware,DoS,Hulk
Friday-16-02-2018_442.pcap,tcp_125317,tcp,125317,Hulk,Malware,DoS,Hulk
Friday-16-02-2018_442.pcap,tcp_153869,tcp,153869,Hulk,Malware,DoS,Hulk
Friday-16-02-2018_442.pcap,tcp_172057,tcp,172057,Hulk,Malware,DoS,Hulk
Friday-16-02-2018_442.pcap,tcp_167691,tcp,167691,Hulk,Malware,DoS,Hulk
Friday-16-02-2018_442.pcap,tcp_166946,tcp,166946,Hulk,Malware,DoS,Hulk
Friday-16-02-2018_442.pcap,tcp_168570,tcp,168570,Hulk,Malware,DoS,Hulk
Friday-16-02-2018_442.pcap,tcp_125362,tcp,125362,Hulk,Malware,DoS,Hulk
Friday-16-02-2018_442.pcap,tcp_124287,tcp,124287,Hulk,Malware,DoS,Hulk
Friday-16-02-2018_442.pcap,tcp_169894,tcp,169894,Hulk,Malware,DoS,Hulk
Friday-16-02-2018_442.pcap,tcp_135002,tcp,135002,Hulk,Malware,DoS,Hulk
Friday-16-02-2018_442.pcap,tcp_143453,tcp,143453,Hulk,Malware,DoS,Hulk
Friday-16-02-2018_442.pcap,tcp_168031,tcp,168031,Hulk,Malware,DoS,Hulk
Friday-16-02-2018_442.pcap,tcp_149292,tcp,149292,Hulk,Malware,DoS,Hulk
Friday-16-02-2018_442.pcap,tcp_175009,tcp,175009,Hulk,Malware,DoS,Hulk
Friday-16-02-2018_442.pcap,tcp_173929,tcp,173929,Hulk,Malware,DoS,Hulk
Friday-16-02-2018_442.pcap,tcp_162603,tcp,162603,Hulk,Malware,DoS,Hulk
Friday-16-02-2018_442.pcap,tcp_130242,tcp,130242,Hulk,Malware,DoS,Hulk
Friday-16-02-2018_442.pcap,tcp_165825,tcp,165825,Hulk,Malware,DoS,Hulk
Friday-16-02-2018_442.pcap,tcp_167100,tcp,167100,Hulk,Malware,DoS,Hulk
Friday-16-02-2018_442.pcap,tcp_118028,tcp,118028,Hulk,Malware,DoS,Hulk
Friday-16-02-2018_442.pcap,tcp_166072,tcp,166072,Hulk,Malware,DoS,Hulk
Friday-16-02-2018_442.pcap,tcp_146408,tcp,146408,Hulk,Malware,DoS,Hulk
Friday-16-02-2018_442.pcap,tcp_159946,tcp,159946,Hulk,Malware,DoS,Hulk
Friday-16-02-2018_442.pcap,tcp_152891,tcp,152891,Hulk,Malware,DoS,Hulk
Friday-16-02-2018_442.pcap,tcp_114165,tcp,114165,Hulk,Malware,DoS,Hulk
Friday-16-02-2018_442.pcap,tcp_173819,tcp,173819,Hulk,Malware,DoS,Hulk
Friday-16-02-2018_442.pcap,tcp_125853,tcp,125853,Hulk,Malware,DoS,Hulk
Friday-16-02-2018_442.pcap,tcp_144513,tcp,144513,Hulk,Malware,DoS,Hulk
Friday-16-02-2018_442.pcap,tcp_161783,tcp,161783,Hulk,Malware,DoS,Hulk
Friday-16-02-2018_442.pcap,tcp_115390,tcp,115390,Hulk,Malware,DoS,Hulk
Friday-16-02-2018_442.pcap,tcp_123150,tcp,123150,Hulk,Malware,DoS,Hulk
Friday-16-02-2018_442.pcap,tcp_152685,tcp,152685,Hulk,Malware,DoS,Hulk
Friday-16-02-2018_442.pcap,tcp_172106,tcp,172106,Hulk,Malware,DoS,Hulk
Friday-16-02-2018_442.pcap,tcp_164913,tcp,164913,Hulk,Malware,DoS,Hulk
Friday-16-02-2018_442.pcap,tcp_148157,tcp,148157,Hulk,Malware,DoS,Hulk
Friday-16-02-2018_442.pcap,tcp_139365,tcp,139365,Hulk,Malware,DoS,Hulk
Friday-16-02-2018_442.pcap,tcp_139914,tcp,139914,Hulk,Malware,DoS,Hulk
Friday-16-02-2018_442.pcap,tcp_140980,tcp,140980,Hulk,Malware,DoS,Hulk
Friday-16-02-2018_442.pcap,tcp_159295,tcp,159295,Hulk,Malware,DoS,Hulk
Friday-16-02-2018_442.pcap,tcp_154873,tcp,154873,Hulk,Malware,DoS,Hulk
Friday-16-02-2018_442.pcap,tcp_119077,tcp,119077,Hulk,Malware,DoS,Hulk
Friday-16-02-2018_442.pcap,tcp_134930,tcp,134930,Hulk,Malware,DoS,Hulk
Friday-16-02-2018_442.pcap,tcp_159342,tcp,159342,Hulk,Malware,DoS,Hulk
Friday-16-02-2018_442.pcap,tcp_114333,tcp,114333,Hulk,Malware,DoS,Hulk
Friday-16-02-2018_442.pcap,tcp_147847,tcp,147847,Hulk,Malware,DoS,Hulk
Friday-16-02-2018_442.pcap,tcp_122366,tcp,122366,Hulk,Malware,DoS,Hulk
Friday-16-02-2018_442.pcap,tcp_159387,tcp,159387,Hulk,Malware,DoS,Hulk
Friday-16-02-2018_442.pcap,tcp_162022,tcp,162022,Hulk,Malware,DoS,Hulk
Friday-16-02-2018_442.pcap,tcp_135352,tcp,135352,Hulk,Malware,DoS,Hulk
Friday-16-02-2018_442.pcap,tcp_158753,tcp,158753,Hulk,Malware,DoS,Hulk
Friday-16-02-2018_442.pcap,tcp_114517,tcp,114517,Hulk,Malware,DoS,Hulk
Friday-16-02-2018_442.pcap,tcp_148961,tcp,148961,Hulk,Malware,DoS,Hulk
Friday-16-02-2018_442.pcap,tcp_124335,tcp,124335,Hulk,Malware,DoS,Hulk
Friday-16-02-2018_442.pcap,tcp_135315,tcp,135315,Hulk,Malware,DoS,Hulk
Friday-16-02-2018_442.pcap,tcp_151906,tcp,151906,Hulk,Malware,DoS,Hulk
Friday-16-02-2018_442.pcap,tcp_117215,tcp,117215,Hulk,Malware,DoS,Hulk
Friday-16-02-2018_442.pcap,tcp_146761,tcp,146761,Hulk,Malware,DoS,Hulk
Friday-16-02-2018_442.pcap,tcp_110010,tcp,110010,Hulk,Malware,DoS,Hulk
Friday-16-02-2018_442.pcap,tcp_174071,tcp,174071,Hulk,Malware,DoS,Hulk
Friday-16-02-2018_442.pcap,tcp_176793,tcp,176793,Hulk,Malware,DoS,Hulk
Friday-16-02-2018_442.pcap,tcp_120133,tcp,120133,Hulk,Malware,DoS,Hulk
Friday-16-02-2018_442.pcap,tcp_114269,tcp,114269,Hulk,Malware,DoS,Hulk
Friday-16-02-2018_442.pcap,tcp_109507,tcp,109507,Hulk,Malware,DoS,Hulk
Friday-16-02-2018_442.pcap,tcp_156105,tcp,156105,Hulk,Malware,DoS,Hulk
Friday-16-02-2018_442.pcap,tcp_157213,tcp,157213,Hulk,Malware,DoS,Hulk
Friday-16-02-2018_442.pcap,tcp_133335,tcp,133335,Hulk,Malware,DoS,Hulk
Friday-16-02-2018_442.pcap,tcp_177900,tcp,177900,Hulk,Malware,DoS,Hulk
Friday-16-02-2018_442.pcap,tcp_176004,tcp,176004,Hulk,Malware,DoS,Hulk
Friday-16-02-2018_442.pcap,tcp_132029,tcp,132029,Hulk,Malware,DoS,Hulk
Friday-16-02-2018_442.pcap,tcp_141964,tcp,141964,Hulk,Malware,DoS,Hulk
Friday-16-02-2018_442.pcap,tcp_134735,tcp,134735,Hulk,Malware,DoS,Hulk
Friday-16-02-2018_442.pcap,tcp_171026,tcp,171026,Hulk,Malware,DoS,Hulk
Friday-16-02-2018_442.pcap,tcp_137815,tcp,137815,Hulk,Malware,DoS,Hulk
Friday-16-02-2018_442.pcap,tcp_111186,tcp,111186,Hulk,Malware,DoS,Hulk
Friday-16-02-2018_442.pcap,tcp_178484,tcp,178484,Hulk,Malware,DoS,Hulk
Friday-16-02-2018_442.pcap,tcp_149017,tcp,149017,Hulk,Malware,DoS,Hulk
Friday-16-02-2018_442.pcap,tcp_175779,tcp,175779,Hulk,Malware,DoS,Hulk
Friday-16-02-2018_442.pcap,tcp_128079,tcp,128079,Hulk,Malware,DoS,Hulk
Friday-16-02-2018_442.pcap,tcp_153340,tcp,153340,Hulk,Malware,DoS,Hulk
Friday-16-02-2018_442.pcap,tcp_150727,tcp,150727,Hulk,Malware,DoS,Hulk
Friday-16-02-2018_442.pcap,tcp_141144,tcp,141144,Hulk,Malware,DoS,Hulk
Friday-16-02-2018_442.pcap,tcp_145655,tcp,145655,Hulk,Malware,DoS,Hulk
Friday-16-02-2018_442.pcap,tcp_172749,tcp,172749,Hulk,Malware,DoS,Hulk
Friday-16-02-2018_442.pcap,tcp_127388,tcp,127388,Hulk,Malware,DoS,Hulk
Friday-16-02-2018_442.pcap,tcp_148022,tcp,148022,Hulk,Malware,DoS,Hulk
Friday-16-02-2018_442.pcap,tcp_146220,tcp,146220,Hulk,Malware,DoS,Hulk
Friday-16-02-2018_442.pcap,tcp_129307,tcp,129307,Hulk,Malware,DoS,Hulk
Friday-16-02-2018_442.pcap,tcp_127736,tcp,127736,Hulk,Malware,DoS,Hulk
Friday-16-02-2018_442.pcap,tcp_144750,tcp,144750,Hulk,Malware,DoS,Hulk
Friday-16-02-2018_442.pcap,tcp_153194,tcp,153194,Hulk,Malware,DoS,Hulk
Friday-16-02-2018_442.pcap,tcp_124243,tcp,124243,Hulk,Malware,DoS,Hulk
Friday-16-02-2018_442.pcap,tcp_126292,tcp,126292,Hulk,Malware,DoS,Hulk
Friday-16-02-2018_442.pcap,tcp_140239,tcp,140239,Hulk,Malware,DoS,Hulk
Friday-16-02-2018_442.pcap,tcp_145526,tcp,145526,Hulk,Malware,DoS,Hulk
Friday-16-02-2018_442.pcap,tcp_169644,tcp,169644,Hulk,Malware,DoS,Hulk
Friday-16-02-2018_442.pcap,tcp_120272,tcp,120272,Hulk,Malware,DoS,Hulk
Friday-16-02-2018_442.pcap,tcp_171084,tcp,171084,Hulk,Malware,DoS,Hulk
Friday-16-02-2018_442.pcap,tcp_140480,tcp,140480,Hulk,Malware,DoS,Hulk
Friday-16-02-2018_442.pcap,tcp_132963,tcp,132963,Hulk,Malware,DoS,Hulk
Friday-16-02-2018_442.pcap,tcp_131749,tcp,131749,Hulk,Malware,DoS,Hulk
Friday-16-02-2018_442.pcap,tcp_148962,tcp,148962,Hulk,Malware,DoS,Hulk
Friday-16-02-2018_442.pcap,tcp_162130,tcp,162130,Hulk,Malware,DoS,Hulk
Friday-16-02-2018_442.pcap,tcp_151148,tcp,151148,Hulk,Malware,DoS,Hulk
Friday-16-02-2018_442.pcap,tcp_176227,tcp,176227,Hulk,Malware,DoS,Hulk
Friday-16-02-2018_442.pcap,tcp_126432,tcp,126432,Hulk,Malware,DoS,Hulk
Friday-16-02-2018_442.pcap,tcp_166813,tcp,166813,Hulk,Malware,DoS,Hulk
Friday-16-02-2018_442.pcap,tcp_144906,tcp,144906,Hulk,Malware,DoS,Hulk
Friday-16-02-2018_442.pcap,tcp_153606,tcp,153606,Hulk,Malware,DoS,Hulk
Friday-16-02-2018_442.pcap,tcp_157160,tcp,157160,Hulk,Malware,DoS,Hulk
Friday-16-02-2018_442.pcap,tcp_174455,tcp,174455,Hulk,Malware,DoS,Hulk
Friday-16-02-2018_442.pcap,tcp_131402,tcp,131402,Hulk,Malware,DoS,Hulk
Friday-16-02-2018_442.pcap,tcp_128064,tcp,128064,Hulk,Malware,DoS,Hulk
Friday-16-02-2018_442.pcap,tcp_155036,tcp,155036,Hulk,Malware,DoS,Hulk
Friday-16-02-2018_442.pcap,tcp_142764,tcp,142764,Hulk,Malware,DoS,Hulk
Friday-16-02-2018_442.pcap,tcp_133323,tcp,133323,Hulk,Malware,DoS,Hulk
Friday-16-02-2018_442.pcap,tcp_149102,tcp,149102,Hulk,Malware,DoS,Hulk
Friday-16-02-2018_442.pcap,tcp_135203,tcp,135203,Hulk,Malware,DoS,Hulk
Friday-16-02-2018_442.pcap,tcp_137561,tcp,137561,Hulk,Malware,DoS,Hulk
Friday-16-02-2018_442.pcap,tcp_132253,tcp,132253,Hulk,Malware,DoS,Hulk
Friday-16-02-2018_442.pcap,tcp_172179,tcp,172179,Hulk,Malware,DoS,Hulk
Friday-16-02-2018_442.pcap,tcp_107593,tcp,107593,Hulk,Malware,DoS,Hulk
Friday-16-02-2018_442.pcap,tcp_142946,tcp,142946,Hulk,Malware,DoS,Hulk
Friday-16-02-2018_442.pcap,tcp_133964,tcp,133964,Hulk,Malware,DoS,Hulk
Friday-16-02-2018_442.pcap,tcp_120385,tcp,120385,Hulk,Malware,DoS,Hulk
Friday-16-02-2018_442.pcap,tcp_146294,tcp,146294,Hulk,Malware,DoS,Hulk
Friday-16-02-2018_442.pcap,tcp_163905,tcp,163905,Hulk,Malware,DoS,Hulk
Friday-16-02-2018_442.pcap,tcp_118586,tcp,118586,Hulk,Malware,DoS,Hulk
Friday-16-02-2018_442.pcap,tcp_143421,tcp,143421,Hulk,Malware,DoS,Hulk
Friday-16-02-2018_442.pcap,tcp_131078,tcp,131078,Hulk,Malware,DoS,Hulk
Friday-16-02-2018_442.pcap,tcp_129038,tcp,129038,Hulk,Malware,DoS,Hulk
Friday-16-02-2018_442.pcap,tcp_146090,tcp,146090,Hulk,Malware,DoS,Hulk
Friday-16-02-2018_442.pcap,tcp_123483,tcp,123483,Hulk,Malware,DoS,Hulk
Friday-16-02-2018_442.pcap,tcp_155308,tcp,155308,Hulk,Malware,DoS,Hulk
Friday-16-02-2018_442.pcap,tcp_142213,tcp,142213,Hulk,Malware,DoS,Hulk
Friday-16-02-2018_442.pcap,tcp_133972,tcp,133972,Hulk,Malware,DoS,Hulk
Friday-16-02-2018_442.pcap,tcp_129742,tcp,129742,Hulk,Malware,DoS,Hulk
Friday-16-02-2018_442.pcap,tcp_173605,tcp,173605,Hulk,Malware,DoS,Hulk
Friday-16-02-2018_442.pcap,tcp_127445,tcp,127445,Hulk,Malware,DoS,Hulk
Friday-16-02-2018_442.pcap,tcp_157858,tcp,157858,Hulk,Malware,DoS,Hulk
Friday-16-02-2018_442.pcap,tcp_116306,tcp,116306,Hulk,Malware,DoS,Hulk
Friday-16-02-2018_442.pcap,tcp_132680,tcp,132680,Hulk,Malware,DoS,Hulk
Friday-16-02-2018_442.pcap,tcp_161016,tcp,161016,Hulk,Malware,DoS,Hulk
Friday-16-02-2018_442.pcap,tcp_155544,tcp,155544,Hulk,Malware,DoS,Hulk
Friday-16-02-2018_442.pcap,tcp_127182,tcp,127182,Hulk,Malware,DoS,Hulk
Friday-16-02-2018_442.pcap,tcp_135018,tcp,135018,Hulk,Malware,DoS,Hulk
Friday-16-02-2018_442.pcap,tcp_134115,tcp,134115,Hulk,Malware,DoS,Hulk
Friday-16-02-2018_442.pcap,tcp_136170,tcp,136170,Hulk,Malware,DoS,Hulk
Friday-16-02-2018_442.pcap,tcp_156274,tcp,156274,Hulk,Malware,DoS,Hulk
Friday-16-02-2018_442.pcap,tcp_120293,tcp,120293,Hulk,Malware,DoS,Hulk
Friday-16-02-2018_442.pcap,tcp_155787,tcp,155787,Hulk,Malware,DoS,Hulk
Friday-16-02-2018_442.pcap,tcp_132628,tcp,132628,Hulk,Malware,DoS,Hulk
Friday-16-02-2018_442.pcap,tcp_158167,tcp,158167,Hulk,Malware,DoS,Hulk
Friday-16-02-2018_442.pcap,tcp_155103,tcp,155103,Hulk,Malware,DoS,Hulk
Friday-16-02-2018_442.pcap,tcp_109841,tcp,109841,Hulk,Malware,DoS,Hulk
Friday-16-02-2018_442.pcap,tcp_168753,tcp,168753,Hulk,Malware,DoS,Hulk
Friday-16-02-2018_442.pcap,tcp_134518,tcp,134518,Hulk,Malware,DoS,Hulk
Friday-16-02-2018_442.pcap,tcp_120602,tcp,120602,Hulk,Malware,DoS,Hulk
Friday-16-02-2018_442.pcap,tcp_140773,tcp,140773,Hulk,Malware,DoS,Hulk
Friday-16-02-2018_442.pcap,tcp_122019,tcp,122019,Hulk,Malware,DoS,Hulk
Friday-16-02-2018_442.pcap,tcp_178368,tcp,178368,Hulk,Malware,DoS,Hulk
Friday-16-02-2018_442.pcap,tcp_115285,tcp,115285,Hulk,Malware,DoS,Hulk
Friday-16-02-2018_442.pcap,tcp_177678,tcp,177678,Hulk,Malware,DoS,Hulk
Friday-16-02-2018_442.pcap,tcp_139930,tcp,139930,Hulk,Malware,DoS,Hulk
Friday-16-02-2018_442.pcap,tcp_151383,tcp,151383,Hulk,Malware,DoS,Hulk
Friday-16-02-2018_442.pcap,tcp_114856,tcp,114856,Hulk,Malware,DoS,Hulk
Friday-16-02-2018_442.pcap,tcp_162869,tcp,162869,Hulk,Malware,DoS,Hulk
Friday-16-02-2018_442.pcap,tcp_161571,tcp,161571,Hulk,Malware,DoS,Hulk
Friday-16-02-2018_442.pcap,tcp_161902,tcp,161902,Hulk,Malware,DoS,Hulk
Friday-16-02-2018_442.pcap,tcp_122610,tcp,122610,Hulk,Malware,DoS,Hulk
Friday-16-02-2018_442.pcap,tcp_123705,tcp,123705,Hulk,Malware,DoS,Hulk
Friday-16-02-2018_442.pcap,tcp_175940,tcp,175940,Hulk,Malware,DoS,Hulk
Friday-16-02-2018_442.pcap,tcp_159515,tcp,159515,Hulk,Malware,DoS,Hulk
Friday-16-02-2018_442.pcap,tcp_123550,tcp,123550,Hulk,Malware,DoS,Hulk
Friday-16-02-2018_442.pcap,tcp_114435,tcp,114435,Hulk,Malware,DoS,Hulk
Friday-16-02-2018_442.pcap,tcp_154863,tcp,154863,Hulk,Malware,DoS,Hulk
Friday-16-02-2018_442.pcap,tcp_145428,tcp,145428,Hulk,Malware,DoS,Hulk
Friday-16-02-2018_442.pcap,tcp_167096,tcp,167096,Hulk,Malware,DoS,Hulk
Friday-16-02-2018_442.pcap,tcp_145212,tcp,145212,Hulk,Malware,DoS,Hulk
Friday-16-02-2018_442.pcap,tcp_166832,tcp,166832,Hulk,Malware,DoS,Hulk
Friday-16-02-2018_442.pcap,tcp_153828,tcp,153828,Hulk,Malware,DoS,Hulk
Friday-16-02-2018_442.pcap,tcp_158724,tcp,158724,Hulk,Malware,DoS,Hulk
Friday-16-02-2018_442.pcap,tcp_160737,tcp,160737,Hulk,Malware,DoS,Hulk
Friday-16-02-2018_442.pcap,tcp_148376,tcp,148376,Hulk,Malware,DoS,Hulk
Friday-16-02-2018_442.pcap,tcp_114565,tcp,114565,Hulk,Malware,DoS,Hulk
Friday-16-02-2018_442.pcap,tcp_127382,tcp,127382,Hulk,Malware,DoS,Hulk
Friday-16-02-2018_442.pcap,tcp_156978,tcp,156978,Hulk,Malware,DoS,Hulk
Friday-16-02-2018_442.pcap,tcp_129851,tcp,129851,Hulk,Malware,DoS,Hulk
Friday-16-02-2018_442.pcap,tcp_116252,tcp,116252,Hulk,Malware,DoS,Hulk
Friday-16-02-2018_442.pcap,tcp_124522,tcp,124522,Hulk,Malware,DoS,Hulk
Friday-16-02-2018_442.pcap,tcp_125103,tcp,125103,Hulk,Malware,DoS,Hulk
Friday-16-02-2018_442.pcap,tcp_133048,tcp,133048,Hulk,Malware,DoS,Hulk
Friday-16-02-2018_442.pcap,tcp_165276,tcp,165276,Hulk,Malware,DoS,Hulk
Friday-16-02-2018_442.pcap,tcp_173965,tcp,173965,Hulk,Malware,DoS,Hulk
Friday-16-02-2018_442.pcap,tcp_164962,tcp,164962,Hulk,Malware,DoS,Hulk
Friday-16-02-2018_442.pcap,tcp_131871,tcp,131871,Hulk,Malware,DoS,Hulk
Friday-16-02-2018_442.pcap,tcp_168558,tcp,168558,Hulk,Malware,DoS,Hulk
Friday-16-02-2018_442.pcap,tcp_155802,tcp,155802,Hulk,Malware,DoS,Hulk
Friday-16-02-2018_442.pcap,tcp_124449,tcp,124449,Hulk,Malware,DoS,Hulk
Friday-16-02-2018_442.pcap,tcp_150351,tcp,150351,Hulk,Malware,DoS,Hulk
Friday-16-02-2018_442.pcap,tcp_149592,tcp,149592,Hulk,Malware,DoS,Hulk
Friday-16-02-2018_442.pcap,tcp_174185,tcp,174185,Hulk,Malware,DoS,Hulk
Friday-16-02-2018_442.pcap,tcp_165585,tcp,165585,Hulk,Malware,DoS,Hulk
Friday-16-02-2018_442.pcap,tcp_163259,tcp,163259,Hulk,Malware,DoS,Hulk
Friday-16-02-2018_442.pcap,tcp_137994,tcp,137994,Hulk,Malware,DoS,Hulk
Friday-16-02-2018_442.pcap,tcp_125003,tcp,125003,Hulk,Malware,DoS,Hulk
Friday-16-02-2018_442.pcap,tcp_153094,tcp,153094,Hulk,Malware,DoS,Hulk
Friday-16-02-2018_442.pcap,tcp_165209,tcp,165209,Hulk,Malware,DoS,Hulk
Friday-16-02-2018_442.pcap,tcp_163000,tcp,163000,Hulk,Malware,DoS,Hulk
Friday-16-02-2018_442.pcap,tcp_125097,tcp,125097,Hulk,Malware,DoS,Hulk
Friday-16-02-2018_442.pcap,tcp_157797,tcp,157797,Hulk,Malware,DoS,Hulk
Friday-16-02-2018_442.pcap,tcp_176772,tcp,176772,Hulk,Malware,DoS,Hulk
Friday-16-02-2018_442.pcap,tcp_118894,tcp,118894,Hulk,Malware,DoS,Hulk
Friday-16-02-2018_442.pcap,tcp_156743,tcp,156743,Hulk,Malware,DoS,Hulk
Friday-16-02-2018_442.pcap,tcp_117238,tcp,117238,Hulk,Malware,DoS,Hulk
Friday-16-02-2018_442.pcap,tcp_173417,tcp,173417,Hulk,Malware,DoS,Hulk
Friday-16-02-2018_442.pcap,tcp_175900,tcp,175900,Hulk,Malware,DoS,Hulk
Friday-16-02-2018_442.pcap,tcp_169282,tcp,169282,Hulk,Malware,DoS,Hulk
Friday-16-02-2018_442.pcap,tcp_120953,tcp,120953,Hulk,Malware,DoS,Hulk
Friday-16-02-2018_442.pcap,tcp_117540,tcp,117540,Hulk,Malware,DoS,Hulk
Friday-16-02-2018_442.pcap,tcp_127978,tcp,127978,Hulk,Malware,DoS,Hulk
Friday-16-02-2018_442.pcap,tcp_136640,tcp,136640,Hulk,Malware,DoS,Hulk
Friday-16-02-2018_442.pcap,tcp_136907,tcp,136907,Hulk,Malware,DoS,Hulk
Friday-16-02-2018_442.pcap,tcp_128742,tcp,128742,Hulk,Malware,DoS,Hulk
Friday-16-02-2018_442.pcap,tcp_178399,tcp,178399,Hulk,Malware,DoS,Hulk
Friday-16-02-2018_442.pcap,tcp_128610,tcp,128610,Hulk,Malware,DoS,Hulk
Friday-16-02-2018_442.pcap,tcp_135384,tcp,135384,Hulk,Malware,DoS,Hulk
Friday-16-02-2018_442.pcap,tcp_169767,tcp,169767,Hulk,Malware,DoS,Hulk
Friday-16-02-2018_442.pcap,tcp_108572,tcp,108572,Hulk,Malware,DoS,Hulk
Friday-16-02-2018_442.pcap,tcp_138425,tcp,138425,Hulk,Malware,DoS,Hulk
Friday-16-02-2018_442.pcap,tcp_160010,tcp,160010,Hulk,Malware,DoS,Hulk
Friday-16-02-2018_442.pcap,tcp_155845,tcp,155845,Hulk,Malware,DoS,Hulk
Friday-16-02-2018_442.pcap,tcp_164549,tcp,164549,Hulk,Malware,DoS,Hulk
Friday-16-02-2018_442.pcap,tcp_108604,tcp,108604,Hulk,Malware,DoS,Hulk
Friday-16-02-2018_442.pcap,tcp_113800,tcp,113800,Hulk,Malware,DoS,Hulk
Friday-16-02-2018_442.pcap,tcp_151458,tcp,151458,Hulk,Malware,DoS,Hulk
Friday-16-02-2018_442.pcap,tcp_142111,tcp,142111,Hulk,Malware,DoS,Hulk
Friday-16-02-2018_442.pcap,tcp_130436,tcp,130436,Hulk,Malware,DoS,Hulk
Friday-16-02-2018_442.pcap,tcp_169235,tcp,169235,Hulk,Malware,DoS,Hulk
Friday-16-02-2018_442.pcap,tcp_155474,tcp,155474,Hulk,Malware,DoS,Hulk
Friday-16-02-2018_442.pcap,tcp_176075,tcp,176075,Hulk,Malware,DoS,Hulk
Friday-16-02-2018_442.pcap,tcp_156443,tcp,156443,Hulk,Malware,DoS,Hulk
Friday-16-02-2018_442.pcap,tcp_115252,tcp,115252,Hulk,Malware,DoS,Hulk
Friday-16-02-2018_442.pcap,tcp_165100,tcp,165100,Hulk,Malware,DoS,Hulk
Friday-16-02-2018_442.pcap,tcp_142484,tcp,142484,Hulk,Malware,DoS,Hulk
Friday-16-02-2018_442.pcap,tcp_115675,tcp,115675,Hulk,Malware,DoS,Hulk
Friday-16-02-2018_442.pcap,tcp_137564,tcp,137564,Hulk,Malware,DoS,Hulk
Friday-16-02-2018_442.pcap,tcp_141763,tcp,141763,Hulk,Malware,DoS,Hulk
Friday-16-02-2018_442.pcap,tcp_130453,tcp,130453,Hulk,Malware,DoS,Hulk
Friday-16-02-2018_442.pcap,tcp_152913,tcp,152913,Hulk,Malware,DoS,Hulk
Friday-16-02-2018_442.pcap,tcp_168486,tcp,168486,Hulk,Malware,DoS,Hulk
Friday-16-02-2018_442.pcap,tcp_171665,tcp,171665,Hulk,Malware,DoS,Hulk
Friday-16-02-2018_442.pcap,tcp_107701,tcp,107701,Hulk,Malware,DoS,Hulk
Friday-16-02-2018_442.pcap,tcp_142072,tcp,142072,Hulk,Malware,DoS,Hulk
Friday-16-02-2018_442.pcap,tcp_113882,tcp,113882,Hulk,Malware,DoS,Hulk
Friday-16-02-2018_442.pcap,tcp_128575,tcp,128575,Hulk,Malware,DoS,Hulk
Friday-16-02-2018_442.pcap,tcp_171241,tcp,171241,Hulk,Malware,DoS,Hulk
Friday-16-02-2018_442.pcap,tcp_118859,tcp,118859,Hulk,Malware,DoS,Hulk
Friday-16-02-2018_442.pcap,tcp_125825,tcp,125825,Hulk,Malware,DoS,Hulk
Friday-16-02-2018_442.pcap,tcp_170693,tcp,170693,Hulk,Malware,DoS,Hulk
Friday-16-02-2018_442.pcap,tcp_131211,tcp,131211,Hulk,Malware,DoS,Hulk
Friday-16-02-2018_442.pcap,tcp_179155,tcp,179155,Hulk,Malware,DoS,Hulk
Friday-16-02-2018_442.pcap,tcp_120145,tcp,120145,Hulk,Malware,DoS,Hulk
Friday-16-02-2018_442.pcap,tcp_151481,tcp,151481,Hulk,Malware,DoS,Hulk
Friday-16-02-2018_442.pcap,tcp_123319,tcp,123319,Hulk,Malware,DoS,Hulk
Friday-16-02-2018_442.pcap,tcp_170365,tcp,170365,Hulk,Malware,DoS,Hulk
Friday-16-02-2018_442.pcap,tcp_113124,tcp,113124,Hulk,Malware,DoS,Hulk
Friday-16-02-2018_442.pcap,tcp_132919,tcp,132919,Hulk,Malware,DoS,Hulk
Friday-16-02-2018_442.pcap,tcp_113790,tcp,113790,Hulk,Malware,DoS,Hulk
Friday-16-02-2018_442.pcap,tcp_178649,tcp,178649,Hulk,Malware,DoS,Hulk
Friday-16-02-2018_442.pcap,tcp_164161,tcp,164161,Hulk,Malware,DoS,Hulk
Friday-16-02-2018_442.pcap,tcp_107566,tcp,107566,Hulk,Malware,DoS,Hulk
Friday-16-02-2018_442.pcap,tcp_173442,tcp,173442,Hulk,Malware,DoS,Hulk
Friday-16-02-2018_442.pcap,tcp_121061,tcp,121061,Hulk,Malware,DoS,Hulk
Friday-16-02-2018_442.pcap,tcp_144802,tcp,144802,Hulk,Malware,DoS,Hulk
Friday-16-02-2018_442.pcap,tcp_114089,tcp,114089,Hulk,Malware,DoS,Hulk
Friday-16-02-2018_442.pcap,tcp_125709,tcp,125709,Hulk,Malware,DoS,Hulk
Friday-16-02-2018_442.pcap,tcp_146419,tcp,146419,Hulk,Malware,DoS,Hulk
Friday-16-02-2018_442.pcap,tcp_155700,tcp,155700,Hulk,Malware,DoS,Hulk
Friday-16-02-2018_442.pcap,tcp_107059,tcp,107059,Hulk,Malware,DoS,Hulk
Friday-16-02-2018_442.pcap,tcp_155830,tcp,155830,Hulk,Malware,DoS,Hulk
Friday-16-02-2018_442.pcap,tcp_153886,tcp,153886,Hulk,Malware,DoS,Hulk
Friday-16-02-2018_442.pcap,tcp_139632,tcp,139632,Hulk,Malware,DoS,Hulk
Friday-16-02-2018_442.pcap,tcp_140030,tcp,140030,Hulk,Malware,DoS,Hulk
Friday-16-02-2018_442.pcap,tcp_137622,tcp,137622,Hulk,Malware,DoS,Hulk
Friday-16-02-2018_442.pcap,tcp_112799,tcp,112799,Hulk,Malware,DoS,Hulk
Friday-16-02-2018_442.pcap,tcp_127232,tcp,127232,Hulk,Malware,DoS,Hulk
Friday-16-02-2018_442.pcap,tcp_118436,tcp,118436,Hulk,Malware,DoS,Hulk
Friday-16-02-2018_442.pcap,tcp_178049,tcp,178049,Hulk,Malware,DoS,Hulk
Friday-16-02-2018_442.pcap,tcp_108930,tcp,108930,Hulk,Malware,DoS,Hulk
Friday-16-02-2018_442.pcap,tcp_159374,tcp,159374,Hulk,Malware,DoS,Hulk
Friday-16-02-2018_442.pcap,tcp_162421,tcp,162421,Hulk,Malware,DoS,Hulk
Friday-16-02-2018_442.pcap,tcp_173950,tcp,173950,Hulk,Malware,DoS,Hulk
Friday-16-02-2018_442.pcap,tcp_1821376,tcp,1821376,Hulk,Malware,DoS,Hulk
Friday-16-02-2018_442.pcap,tcp_173720,tcp,173720,Hulk,Malware,DoS,Hulk
Friday-16-02-2018_442.pcap,tcp_132539,tcp,132539,Hulk,Malware,DoS,Hulk
Friday-16-02-2018_442.pcap,tcp_168163,tcp,168163,Hulk,Malware,DoS,Hulk
Thursday-22-02-2018_447.pcap,tcp_917,tcp,917,XSS,Malware,Web-Attack,XSS
Friday-23-02-2018_446.pcap,tcp_914,tcp,914,XSS,Malware,Web-Attack,XSS
Thursday-22-02-2018_447.pcap,tcp_931,tcp,931,XSS,Malware,Web-Attack,XSS
Friday-23-02-2018_446.pcap,tcp_715,tcp,715,XSS,Malware,Web-Attack,XSS
Thursday-22-02-2018_447.pcap,tcp_1002,tcp,1002,XSS,Malware,Web-Attack,XSS
Thursday-22-02-2018_447.pcap,tcp_922,tcp,922,XSS,Malware,Web-Attack,XSS
Friday-23-02-2018_446.pcap,tcp_906,tcp,906,XSS,Malware,Web-Attack,XSS
Friday-23-02-2018_446.pcap,tcp_855,tcp,855,XSS,Malware,Web-Attack,XSS
Friday-23-02-2018_446.pcap,tcp_857,tcp,857,XSS,Malware,Web-Attack,XSS
Thursday-22-02-2018_447.pcap,tcp_915,tcp,915,XSS,Malware,Web-Attack,XSS
Friday-23-02-2018_446.pcap,tcp_738,tcp,738,XSS,Malware,Web-Attack,XSS
Friday-23-02-2018_446.pcap,tcp_878,tcp,878,XSS,Malware,Web-Attack,XSS
Friday-23-02-2018_446.pcap,tcp_754,tcp,754,XSS,Malware,Web-Attack,XSS
Friday-23-02-2018_446.pcap,tcp_902,tcp,902,XSS,Malware,Web-Attack,XSS
Friday-23-02-2018_446.pcap,tcp_919,tcp,919,XSS,Malware,Web-Attack,XSS
Thursday-22-02-2018_447.pcap,tcp_1008,tcp,1008,XSS,Malware,Web-Attack,XSS
Thursday-22-02-2018_447.pcap,tcp_990,tcp,990,XSS,Malware,Web-Attack,XSS
Friday-23-02-2018_446.pcap,tcp_844,tcp,844,XSS,Malware,Web-Attack,XSS
Thursday-22-02-2018_447.pcap,tcp_978,tcp,978,XSS,Malware,Web-Attack,XSS
Friday-23-02-2018_446.pcap,tcp_772,tcp,772,XSS,Malware,Web-Attack,XSS
Thursday-22-02-2018_447.pcap,tcp_963,tcp,963,XSS,Malware,Web-Attack,XSS
Friday-23-02-2018_446.pcap,tcp_834,tcp,834,XSS,Malware,Web-Attack,XSS
Thursday-22-02-2018_447.pcap,tcp_987,tcp,987,XSS,Malware,Web-Attack,XSS
Friday-23-02-2018_446.pcap,tcp_874,tcp,874,XSS,Malware,Web-Attack,XSS
Friday-23-02-2018_446.pcap,tcp_861,tcp,861,XSS,Malware,Web-Attack,XSS
Friday-23-02-2018_446.pcap,tcp_905,tcp,905,XSS,Malware,Web-Attack,XSS
Friday-23-02-2018_446.pcap,tcp_891,tcp,891,XSS,Malware,Web-Attack,XSS
Thursday-22-02-2018_447.pcap,tcp_925,tcp,925,XSS,Malware,Web-Attack,XSS
Thursday-22-02-2018_447.pcap,tcp_1013,tcp,1013,XSS,Malware,Web-Attack,XSS
Friday-23-02-2018_446.pcap,tcp_776,tcp,776,XSS,Malware,Web-Attack,XSS
Friday-23-02-2018_446.pcap,tcp_896,tcp,896,XSS,Malware,Web-Attack,XSS
Thursday-22-02-2018_447.pcap,tcp_986,tcp,986,XSS,Malware,Web-Attack,XSS
Friday-23-02-2018_446.pcap,tcp_808,tcp,808,XSS,Malware,Web-Attack,XSS
Friday-23-02-2018_446.pcap,tcp_924,tcp,924,XSS,Malware,Web-Attack,XSS
Friday-23-02-2018_446.pcap,tcp_883,tcp,883,XSS,Malware,Web-Attack,XSS
Friday-23-02-2018_446.pcap,tcp_771,tcp,771,XSS,Malware,Web-Attack,XSS
Friday-23-02-2018_446.pcap,tcp_760,tcp,760,XSS,Malware,Web-Attack,XSS
Thursday-22-02-2018_447.pcap,tcp_972,tcp,972,XSS,Malware,Web-Attack,XSS
Friday-23-02-2018_446.pcap,tcp_824,tcp,824,XSS,Malware,Web-Attack,XSS
Friday-23-02-2018_446.pcap,tcp_770,tcp,770,XSS,Malware,Web-Attack,XSS
Thursday-22-02-2018_447.pcap,tcp_970,tcp,970,XSS,Malware,Web-Attack,XSS
Friday-23-02-2018_446.pcap,tcp_735,tcp,735,XSS,Malware,Web-Attack,XSS
Thursday-22-02-2018_447.pcap,tcp_952,tcp,952,XSS,Malware,Web-Attack,XSS
Friday-23-02-2018_446.pcap,tcp_866,tcp,866,XSS,Malware,Web-Attack,XSS
Thursday-22-02-2018_447.pcap,tcp_1006,tcp,1006,XSS,Malware,Web-Attack,XSS
Thursday-22-02-2018_447.pcap,tcp_948,tcp,948,XSS,Malware,Web-Attack,XSS
Friday-23-02-2018_446.pcap,tcp_828,tcp,828,XSS,Malware,Web-Attack,XSS
Friday-23-02-2018_446.pcap,tcp_893,tcp,893,XSS,Malware,Web-Attack,XSS
Friday-23-02-2018_446.pcap,tcp_885,tcp,885,XSS,Malware,Web-Attack,XSS
Friday-23-02-2018_446.pcap,tcp_839,tcp,839,XSS,Malware,Web-Attack,XSS
Thursday-22-02-2018_447.pcap,tcp_940,tcp,940,XSS,Malware,Web-Attack,XSS
Thursday-22-02-2018_447.pcap,tcp_929,tcp,929,XSS,Malware,Web-Attack,XSS
Thursday-22-02-2018_447.pcap,tcp_967,tcp,967,XSS,Malware,Web-Attack,XSS
Thursday-22-02-2018_447.pcap,tcp_981,tcp,981,XSS,Malware,Web-Attack,XSS
Friday-23-02-2018_446.pcap,tcp_766,tcp,766,XSS,Malware,Web-Attack,XSS
Thursday-22-02-2018_447.pcap,tcp_999,tcp,999,XSS,Malware,Web-Attack,XSS
Thursday-22-02-2018_447.pcap,tcp_985,tcp,985,XSS,Malware,Web-Attack,XSS
Friday-23-02-2018_446.pcap,tcp_742,tcp,742,XSS,Malware,Web-Attack,XSS
Friday-23-02-2018_446.pcap,tcp_920,tcp,920,XSS,Malware,Web-Attack,XSS
Friday-23-02-2018_446.pcap,tcp_907,tcp,907,XSS,Malware,Web-Attack,XSS
Thursday-22-02-2018_447.pcap,tcp_960,tcp,960,XSS,Malware,Web-Attack,XSS
Friday-23-02-2018_446.pcap,tcp_823,tcp,823,XSS,Malware,Web-Attack,XSS
Thursday-22-02-2018_447.pcap,tcp_936,tcp,936,XSS,Malware,Web-Attack,XSS
Friday-23-02-2018_446.pcap,tcp_821,tcp,821,XSS,Malware,Web-Attack,XSS
Friday-23-02-2018_446.pcap,tcp_713,tcp,713,XSS,Malware,Web-Attack,XSS
Friday-23-02-2018_446.pcap,tcp_703,tcp,703,XSS,Malware,Web-Attack,XSS
Thursday-22-02-2018_447.pcap,tcp_1014,tcp,1014,XSS,Malware,Web-Attack,XSS
Thursday-22-02-2018_447.pcap,tcp_944,tcp,944,XSS,Malware,Web-Attack,XSS
Friday-23-02-2018_446.pcap,tcp_921,tcp,921,XSS,Malware,Web-Attack,XSS
Thursday-22-02-2018_447.pcap,tcp_926,tcp,926,XSS,Malware,Web-Attack,XSS
Friday-23-02-2018_446.pcap,tcp_852,tcp,852,XSS,Malware,Web-Attack,XSS
Friday-23-02-2018_446.pcap,tcp_909,tcp,909,XSS,Malware,Web-Attack,XSS
Friday-23-02-2018_446.pcap,tcp_706,tcp,706,XSS,Malware,Web-Attack,XSS
Thursday-22-02-2018_447.pcap,tcp_1003,tcp,1003,XSS,Malware,Web-Attack,XSS
Friday-23-02-2018_446.pcap,tcp_723,tcp,723,XSS,Malware,Web-Attack,XSS
Friday-23-02-2018_446.pcap,tcp_850,tcp,850,XSS,Malware,Web-Attack,XSS
Friday-23-02-2018_446.pcap,tcp_911,tcp,911,XSS,Malware,Web-Attack,XSS
Friday-23-02-2018_446.pcap,tcp_881,tcp,881,XSS,Malware,Web-Attack,XSS
Thursday-22-02-2018_447.pcap,tcp_980,tcp,980,XSS,Malware,Web-Attack,XSS
Friday-23-02-2018_446.pcap,tcp_915,tcp,915,XSS,Malware,Web-Attack,XSS
Thursday-22-02-2018_447.pcap,tcp_923,tcp,923,XSS,Malware,Web-Attack,XSS
Friday-23-02-2018_446.pcap,tcp_837,tcp,837,XSS,Malware,Web-Attack,XSS
Friday-23-02-2018_446.pcap,tcp_751,tcp,751,XSS,Malware,Web-Attack,XSS
Thursday-22-02-2018_447.pcap,tcp_906,tcp,906,XSS,Malware,Web-Attack,XSS
Thursday-22-02-2018_447.pcap,tcp_954,tcp,954,XSS,Malware,Web-Attack,XSS
Friday-23-02-2018_446.pcap,tcp_819,tcp,819,XSS,Malware,Web-Attack,XSS
Friday-23-02-2018_446.pcap,tcp_803,tcp,803,XSS,Malware,Web-Attack,XSS
Friday-23-02-2018_446.pcap,tcp_900,tcp,900,XSS,Malware,Web-Attack,XSS
Friday-23-02-2018_446.pcap,tcp_699,tcp,699,XSS,Malware,Web-Attack,XSS
Thursday-22-02-2018_447.pcap,tcp_907,tcp,907,XSS,Malware,Web-Attack,XSS
Wednesday-21-02-2018_446.pcap,udp_32,udp,32,LOIC-UDP,Malware,DDoS,LOIC-UDP
Wednesday-21-02-2018_446.pcap,udp_52,udp,52,LOIC-UDP,Malware,DDoS,LOIC-UDP
Wednesday-21-02-2018_446.pcap,udp_48,udp,48,LOIC-UDP,Malware,DDoS,LOIC-UDP
Wednesday-21-02-2018_446.pcap,udp_54,udp,54,LOIC-UDP,Malware,DDoS,LOIC-UDP
Wednesday-21-02-2018_446.pcap,udp_42,udp,42,LOIC-UDP,Malware,DDoS,LOIC-UDP
Wednesday-21-02-2018_446.pcap,udp_46,udp,46,LOIC-UDP,Malware,DDoS,LOIC-UDP
Wednesday-21-02-2018_446.pcap,udp_44,udp,44,LOIC-UDP,Malware,DDoS,LOIC-UDP
